-32680
-33470
-34230
-34870
-35320
-35610
-35810
-36090
-36540
-32890
-33650
-34410
-35070
-35580
-35950
-36250
-36590
-37090
-33070
-33750
-34450
-35130
-35730
-36260
-36710
-37180
-37790
-33290
-33860
-34490
-35180
-35890
-36580
-37240
-37940
-38780
-33650
-34110
-34660
-35340
-36150
-37030
-37940
-38900
-39980
-34250
-34640
-35120
-35770
-36670
-37750
-38920
-40120
-41390
-35160
-35550
-36020
-36680
-37630
-38860
-40210
-41560
-42910
-36390
-36840
-37400
-38130
-39100
-40350
-41730
-43100
-44440
-37920
-38480
-39140
-39960
-40960
-42150
-43430
-44720
-45980
