-1243
-1542
-1914
-2322
-2721
-3072
-3373
-3751
-4243
-1256
-1568
-1944
-2339
-2734
-3162
-3586
-3994
-4391
-1259
-1585
-1985
-2415
-2858
-3331
-3792
-4174
-4434
-1276
-1615
-2044
-2527
-3029
-3507
-3934
-4260
-4409
-1294
-1643
-2091
-2603
-3128
-3578
-3945
-4211
-4302
-1296
-1646
-2092
-2589
-3082
-3491
-3800
-4002
-4067
-1288
-1622
-2035
-2481
-2911
-3274
-3545
-3718
-3791
-1298
-1584
-1937
-2315
-2678
-2998
-3249
-3422
-3525
-1293
-1526
-1817
-2134
-2446
-2730
-2969
-3154
-3289
