1342
1227
1142
942.3
913.8
889.3
895.8
1005
1178
1161
1226
1146
1166
1133
956.7
843.2
783.6
766.9
766.1
767.9
790.6
837.5
883.9
961.5
1026
1129
1189
1114
1107
1285
1365
1217
1104
1073
1184
1477
1479
1320
1170
1237
1352
1472
1434
1220
1112
994.9
856.9
832.6
974.8
1235
1516
1423
1244
1257
1262
1351
1576
1831
1970
1959
1820
1905
1903
1974
1831
1648
1505
1353
1253
1243
1275
1192
1165
1343
1696
1894
1672
1215
1102
1224
1477
1880
2148
2257
2148
2156
1890
1571
1508
1611
1704
1664
1540
1155
1340
1771
1550
1218
1346
1692
2081
1315
1351
1289
1121
1082
975.6
896.3
955.1
1220
1435
1509
1348
1419
1332
1156
992.7
858.2
796.9
786.9
776.1
780.3
808.4
816.9
834.2
871.2
984
1077
1014
1110
1192
1395
1365
1362
1245
1184
1264
1301
1183
1370
1541
1615
1724
1622
1625
1543
1226
985.8
746.5
734
854.4
1112
984.2
956.6
1129
1381
1653
1723
1902
1978
1961
1806
1814
1878
2077
2090
1914
1665
1426
1456
1393
1365
1222
1086
1107
1457
1884
1964
1562
1225
1119
1443
1757
1910
1754
1856
2009
2180
1789
1509
1479
1583
1640
1576
1291
1255
1718
1628
1282
1164
1574
1906
1262
1277
1353
1185
1074
1055
965.8
934.8
1163
1396
1504
1546
1629
1540
1367
1202
1019
875.3
825.3
807.4
795.5
837.4
834.9
808
781.3
832
1010
987.3
1151
1157
1405
1467
1528
1479
1414
1354
1357
1279
1323
1492
1655
1784
1711
1651
1411
1114
872.9
878.3
846.2
783.7
790
801.9
1106
1365
1412
1588
1665
1783
1717
1717
1693
1783
2011
2223
2161
1950
1850
1606
1520
1296
1190
1143
1131
1034
1168
1738
2073
1672
1299
1095
1094
1283
1508
1371
1522
1768
2284
1948
1621
1495
1595
1606
1489
1269
1132
1607
1572
1309
1096
1368
1691
1174
1145
1084
973.6
926.2
945.5
929.1
922.7
1007
1176
1384
1534
1669
1616
1461
1327
1125
1006
909.3
865.1
881
974.2
949.1
847.4
793.9
804.5
863.2
910.3
1030
982.2
1200
1429
1573
1635
1718
1750
1630
1528
1497
1488
1535
1559
1416
1353
1119
938
1000
1058
931.4
843.7
821
833.7
813.4
854.9
1010
1333
1320
1282
1339
1449
1575
1896
2253
2318
2005
1716
1936
1922
1788
1549
1418
1326
1289
1074
1075
1448
1914
1789
1465
1446
1475
1294
1272
1227
1273
1490
2031
2173
1887
1577
1413
1352
1251
1147
1004
1417
1414
1173
1096
1221
1350
1237
1343
1122
949.2
977.8
1123
1094
1109
1108
1049
1106
1264
1368
1441
1315
1317
1270
1124
1036
1003
986.5
998.5
1095
1187
1029
1069
985.3
908
905.3
873.2
933.8
1058
1209
1430
1653
1912
1934
1683
1476
1319
1168
1154
1091
1005
1028
1189
1169
1090
1057
1152
1189
1272
1176
1005
888
826.9
908.5
1158
1421
1360
1318
1681
2005
2254
2085
1700
1570
1738
1785
1696
1558
1509
1390
1153
1064
1286
1486
1554
1731
1974
2050
1571
1244
1307
1333
1280
1629
1856
1962
1806
1478
1378
1278
1099
887.6
1046
1229
1091
1297
1367
1618
1051
1320
1195
1003
1051
1145
1333
1425
1346
1167
1003
1020
1096
1148
1117
1167
1297
1346
1319
1261
1201
1165
1143
1267
1133
960
1175
1231
1162
1004
934.7
1000
1139
1270
1462
1608
1610
1457
1221
1088
955.9
936.2
941.8
958.6
1093
1275
1251
1290
1402
1502
1473
1307
1251
1007
907.2
976.6
812.5
875
952.9
847.4
840
1221
1455
1673
1716
1581
1221
1340
1785
1902
1931
1764
1791
1644
1327
1228
1423
1501
1624
1865
2032
1772
1458
1387
1441
1215
1268
1441
1702
1818
1670
1556
1311
949.9
849.5
1012
1045
1053
1256
1275
1478
1137
1187
1243
1153
1171
1242
1349
1440
1333
1185
1053
972
982.6
1011
1019
1064
1146
1199
1296
1330
1414
1420
1344
1375
1219
1168
1023
945.5
1056
1124
1216
1138
1263
1220
1397
1584
1531
1455
1291
1239
1227
1212
1260
1207
1279
1283
1228
1146
1151
1157
1059
997.5
918.5
918.1
1137
1261
1106
1014
1016
1079
838.2
859.1
927
906.3
1046
1058
925.1
863.2
1158
1635
1990
1850
1981
2065
1801
1604
1666
1590
1594
1613
1818
1924
1916
1645
1451
1537
1506
1529
1454
1691
1802
1646
1410
971.6
819.4
906.9
1039
1091
1133
1183
1335
1395
1423
1491
1445
1342
1354
1337
1290
1277
1185
1145
1008
952.8
966.1
978.7
998.2
1053
1209
1405
1400
1448
1576
1630
1611
1453
1411
1179
1006
877.6
896.6
975.4
957
1011
1098
1370
1584
1578
1608
1496
1548
1574
1522
1742
1665
1620
1495
1254
1213
1078
1186
1177
1079
1071
1080
1144
1083
1036
885.5
832
908.7
940.4
888.8
866.9
1058
981.8
915.8
974.4
1083
880.5
1221
1827
2011
2166
2360
2139
1827
1879
1890
1722
1566
1635
1896
2050
1886
1644
1667
1731
1796
1824
1648
1835
1842
1629
1074
841.7
961.1
986.4
980.6
1009
1160
1275
1455
1584
1681
1660
1582
1487
1449
1342
1465
1421
1283
1064
945
945.8
965.2
972.3
989.2
1088
1274
1322
1511
1688
1704
1753
1665
1457
1292
1428
1407
1113
843.3
827.2
860.8
971.1
1168
1334
1316
1549
1719
1698
1746
1716
1841
2094
1863
1521
1452
1505
1252
1527
1560
1553
1401
1286
1566
1498
1529
1198
1056
1358
1389
1183
1197
1360
1298
1321
1357
1404
1164
915.9
1185
1603
1680
2110
2070
2080
2021
1854
1614
1635
1558
1734
1922
2044
2009
1862
1806
1839
1955
1718
1779
1885
1613
1024
869.9
1017
914.8
905.4
951
1056
1223
1169
1366
1470
1576
1705
1675
1564
1388
1289
1213
1111
1023
956.4
934.5
943
961.1
975.8
1008
1081
1210
1369
1638
1804
1648
1394
1385
1426
1412
1346
1201
906.1
800.7
788.3
821.7
899.3
960.6
1012
1247
1509
1517
1544
1656
1766
1992
1887
1705
1744
1604
1455
1822
2053
1889
1470
1495
1904
1956
2027
1598
1182
1554
1805
1669
1800
1777
1611
1399
1273
1299
1184
1023
930.4
1042
1012
1218
1488
1734
1855
1917
1717
1700
1701
1459
1590
1805
1965
2051
1945
1945
1865
1602
1607
1823
1537
977.3
893.1
999.3
852.1
846.7
843.3
883.5
969.5
1011
1225
1458
1755
1945
1850
1682
1458
1418
1311
1155
1006
949.2
934.7
933.7
941.2
952.7
966.8
1005
1091
1208
1386
1657
1606
1296
1089
1264
1350
1123
1060
1044
844.6
784.3
794.3
807.1
841.7
851.8
957.3
1158
1306
1213
1295
1411
1620
1855
1867
1800
1658
1702
1760
2064
1951
1568
1468
1871
2337
2266
1716
1353
1615
1805
2166
2252
1916
1526
1379
1452
1710
1653
1476
1231
991.3
873.1
805
818.5
1011
1326
1522
1666
1602
1574
1357
1366
1504
1785
1882
1973
1922
1901
1541
1548
1630
1347
957.6
1004
1023
826.6
818.6
779.4
891.7
988
1185
1562
1807
2094
2170
2035
1975
1707
1555
1329
1094
985.4
953
941.9
934.5
936
940.7
945.7
964.8
1039
1167
1348
1449
1403
1346
1042
1047
1199
1091
991
1132
929.5
816.3
812.1
798.4
790
797.1
859.1
910.4
1034
1082
1068
1214
1515
1826
1903
1797
1754
1702
1742
1946
1973
1618
1694
2043
2437
2266
1732
1512
1926
2044
2461
2355
2039
1776
1654
1793
2037
2007
1637
1186
1125
1217
1100
905.9
796
811.9
996.6
1214
1371
1511
1453
1211
1249
1470
1603
1753
1810
1661
1523
1648
1730
1173
840.8
1032
1018
809.8
892.7
838.5
969.3
1084
1522
1688
1835
1979
1979
1903
1917
1935
1778
1451
1171
1023
971.9
949.8
940.6
938.7
937.6
938.9
943.6
977.4
1028
1098
1161
1288
1345
1106
955.2
956.8
961.9
918.5
1045
1059
1001
950.6
925.2
845.1
793.2
791.9
810.5
847.2
889.8
939.8
1215
1490
1668
1701
1648
1627
1715
1843
1899
1942
1849
1978
2119
2227
2218
2067
1768
2182
2501
2625
2537
2344
2170
1991
2111
2203
2086
1704
1560
1506
1372
1278
1069
952
808.3
764.2
757.4
912.6
1010
1267
1184
1257
1406
1349
1329
1541
1664
1649
1749
1625
1068
826.7
963.8
926.2
935.6
1081
1102
1110
1264
1614
1570
1708
1788
1805
1822
1873
1901
1730
1481
1255
1105
998.4
959.1
948
949.4
945.4
944.6
943.6
952.7
984
1001
1083
1256
1367
1347
1099
931.8
900.3
961
1039
1239
1353
1329
1234
1020
865
815.1
798.7
816.2
880.1
955.8
1075
1247
1388
1481
1513
1483
1477
1588
1576
1706
1684
1791
1764
1761
1879
2103
2117
2330
2624
2588
2459
2310
2276
2271
2199
2072
2050
1926
1902
1687
1494
1259
992
882
955.2
910.7
941.2
946.5
861.5
936.9
1154
1315
1476
1216
1074
1257
1575
1760
1770
1543
1021
835.1
1012
1197
1221
1249
1202
1099
1300
1228
1374
1584
1640
1755
1851
1877
1810
1642
1425
1349
1177
1025
984.1
963.4
963.2
956.7
956.4
953.9
948.3
952.6
970.2
999.2
1070
1270
1419
1321
1089
899.3
930.3
1064
1266
1244
1363
1477
1258
1000
897.3
815.6
807.5
878.3
1020
1186
1276
1277
1299
1416
1495
1480
1454
1351
1455
1470
1468
1429
1638
1610
1955
2292
2415
2526
2466
2350
2394
2365
2314
2196
2090
2177
2051
2055
1936
1585
1322
1086
1033
951
826.3
1050
1109
908.4
869.2
907.3
918.2
1302
1147
1166
1229
1500
1757
1759
1412
1005
912.9
1203
1313
1504
1505
1469
1100
1442
939
1208
1429
1586
1636
1696
1671
1640
1579
1353
1199
1150
1146
1109
1045
993.9
975.1
973
972
960.1
950.4
955.2
976.3
1002
1137
1431
1537
1316
1008
884.3
924.1
1167
1206
1174
1284
1353
1184
1003
911.1
876.5
880.9
983.4
1146
1307
1343
1321
1294
1382
1448
1445
1436
1317
1262
1238
1436
1555
1491
1895
2251
2456
2527
2484
2394
2439
2413
2341
2264
2142
2186
2035
1908
1754
1544
1336
1275
1183
974.3
785.9
979.2
1041
930.3
829.3
967.8
815.3
1071
1173
1467
1668
1649
1714
1527
1219
898.9
835.3
1168
1335
1535
1565
1473
1157
1371
1137
1276
1399
1502
1568
1598
1497
1478
1699
1515
1345
1295
1364
1330
1230
1120
1051
1019
992.9
982.2
970.3
957.5
979.4
1007
1080
1336
1602
1464
1157
947.9
878.2
954.2
1172
1206
1125
1158
1198
1128
1040
978.4
974
997.8
1065
1180
1238
1299
1304
1199
1198
1272
1326
1299
1310
1228
1208
1313
1415
1747
1797
2162
2465
2508
2396
2373
2298
2189
2181
2176
2195
2125
1933
1677
1669
1577
1474
1374
1064
823.4
843.8
911.4
887.9
1007
945.4
805.5
864.3
1070
1393
1760
1837
1761
1517
1279
950.5
847.8
1054
1184
1450
1640
1658
1338
1167
993
1113
1299
1374
1443
1449
1429
1453
1704
1683
1656
1611
1563
1465
1514
1373
1249
1152
1063
1021
995
968.1
962
1013
1088
1360
1681
1500
1260
1059
944.7
965.4
1227
1390
1228
1144
1095
1049
1131
1037
933.7
961.8
1098
1206
1186
1158
1223
1113
984.9
949.7
987
1027
1170
1087
1038
1088
1286
1397
1481
1774
2149
2398
2325
2219
2138
2055
2061
2110
2182
2138
1837
1643
1670
1613
1453
1263
1057
802.7
877.8
814.8
865.3
1198
1378
1025
903.7
906.5
1214
1650
1784
1815
1614
1289
876.6
954.2
1116
1241
1395
1790
1758
1482
1343
934
1008
1135
1222
1279
1339
1493
1352
1493
1588
1720
1848
1842
1752
1664
1577
1512
1382
1297
1161
1083
1008
966.9
983.3
1076
1367
1611
1647
1353
1221
1033
962.7
1012
1231
1370
1343
1251
1110
1021
1052
991.9
954.8
974.7
1086
1130
1045
1001
945
905.5
872.3
882
896.7
954
952.6
932.1
1037
1149
1245
1393
1552
1926
2236
2197
2080
1980
1996
2083
2111
2126
2044
1818
1648
1484
1329
1372
1410
1165
840.6
831.1
1003
1241
1436
1654
1443
1026
877
964.5
1339
1737
1769
1525
1180
850.6
1031
1209
1356
1433
1709
1759
1666
1530
615
815.4
889.8
1038
1207
1403
1352
1221
1343
1526
1711
1746
1734
1710
1707
1788
1746
1684
1622
1403
1237
1097
1010
977
1063
1290
1554
1851
1710
1402
1142
1191
1031
969.9
1193
1391
1419
1300
1145
1114
1056
1045
995.8
962
953.4
953.5
946.7
914.3
876.6
862.4
866
867.5
876.3
892.1
923.5
1007
1314
1419
1490
1583
1911
2084
2040
1895
1850
1952
2034
2013
2017
1775
1652
1542
1353
1070
1217
1655
1315
800.3
838.7
1081
1424
1600
1771
1758
1213
847.8
814.7
1125
1431
1736
1486
1064
887.2
1205
1378
1336
1482
1588
1600
1764
1698
333
579.8
846.7
1146
1282
1414
1221
1321
1361
1541
1563
1595
1545
1528
1503
1587
1670
1723
1828
1685
1434
1210
1075
1001
1044
1222
1509
1874
1925
1486
1226
1339
1220
1023
976.3
1123
1423
1528
1380
1379
1255
1156
1032
952.4
943.4
911.3
896.8
884.5
896.5
869.1
868
872.8
878.7
888.9
919.8
1042
1340
1503
1687
1723
1880
1907
1861
1840
1789
1867
1996
1854
1844
1603
1473
1300
1021
886.3
1031
1323
989.7
882.8
1142
1157
1196
1454
1817
1980
1478
1089
731.1
811.4
1262
1582
1392
912.4
955.5
1242
1341
1341
1431
1645
1611
1750
1727
490
362.8
525.8
796.7
927
1055
951.3
1043
1137
1345
1331
1504
1525
1470
1446
1428
1430
1462
1602
1725
1620
1402
1276
1128
1027
1152
1419
1652
1922
1726
1519
1382
1464
1356
1090
972.6
1102
1345
1584
1619
1416
1316
1146
999.9
929.8
898.2
900.5
901.9
914.7
892.9
870
871.3
876
888.9
917.7
1005
1135
1240
1522
1843
1974
1790
1718
1653
1638
1698
1866
1720
1663
1521
1330
1120
1128
1005
867.3
961
1102
1419
1284
1417
1420
1586
2001
2258
1860
1281
869.4
676.3
920.5
1311
1091
767.5
944.6
1173
1223
1207
1293
1596
1656
1682
1766
705.5
471.3
490.4
626.8
659.8
696.5
732.9
780.6
853
1032
1173
1321
1495
1488
1535
1500
1446
1429
1433
1492
1565
1542
1565
1349
1115
1038
1145
1355
1641
1764
1768
1557
1394
1470
1433
1242
1080
1018
1283
1545
1703
1564
1370
1120
1025
987.5
928.9
924.4
942.8
918.4
906
891.4
881.5
884.5
908.7
971.5
1094
1290
1499
1777
1830
1731
1727
1735
1677
1704
1718
1649
1504
1436
1399
1558
1356
1162
1421
1165
1342
1544
1487
1556
1650
1630
1980
2310
2021
1595
1197
896.6
839.8
1064
830
675.8
797.2
955.2
1061
1119
1223
1452
1697
1691
1761
806
572.2
505.2
858.2
975.6
950.1
989.2
961.7
905.9
823.6
787.7
1027
1234
1504
1701
1644
1565
1526
1460
1440
1438
1502
1672
1540
1263
1087
1031
1107
1296
1541
1766
1733
1524
1608
1701
1628
1338
1027
1114
1405
1541
1658
1497
1304
1173
1095
1007
984
1002
1007
964
940.5
911.9
888.6
894.1
943.1
1033
1230
1444
1735
1774
1765
1809
1768
1705
1845
1973
1965
1776
1727
1697
1873
1611
1443
1876
1336
1302
1669
1600
1466
1587
1805
2042
2335
2227
1873
1402
1268
1047
1090
1004
714.1
706.9
838.8
975.6
1146
1293
1505
1803
1842
1879
847
787.5
565.5
716
1035
1310
1358
1156
1055
958.4
934.8
865.8
998.1
1288
1560
1650
1732
1688
1563
1503
1449
1418
1504
1691
1516
1220
1047
1084
1351
1649
1846
1824
1717
1830
1858
1755
1450
1175
1046
1198
1338
1668
1696
1521
1347
1268
1147
1052
1029
1120
1077
1055
1002
948.6
925.5
960.6
1010
1131
1347
1576
1704
1864
1921
1900
1840
1904
2165
2192
2095
1979
1961
2169
1929
1749
2025
1420
954.5
1514
1797
1715
1589
1837
1971
2253
2430
2054
1683
1613
1474
1374
1146
822.9
707.5
948.4
1145
1150
1289
1557
1794
1912
1908
874
1016
784.2
630.8
897.9
1164
1441
1473
1391
1239
1070
854.9
826.5
918.6
1109
1375
1655
1827
1852
1721
1598
1482
1449
1523
1618
1482
1155
1056
1181
1423
1643
1722
1740
1637
1500
1426
1343
1279
1205
1089
1172
1447
1693
1758
1673
1658
1476
1327
1237
1214
1295
1303
1221
1144
1051
1035
1023
1128
1336
1493
1601
1913
2060
1963
1979
1948
2081
2297
2385
2231
2337
2472
2303
2138
2081
1502
842.8
1156
1492
1726
1704
1607
1868
2102
2352
2235
2152
2095
1918
1590
1235
928
746.9
836.2
1076
1244
1374
1573
1690
1870
1854
952
1221
1127
792.2
1131
1373
1499
1573
1461
1385
1225
937
804.3
798.8
845.7
972.8
1211
1504
1899
1989
1890
1695
1694
1685
1600
1391
1227
1183
1316
1430
1555
1454
1494
1347
1147
1047
1003
1023
1069
1018
1062
1144
1277
1474
1714
1894
1911
1835
1670
1525
1514
1523
1534
1459
1353
1251
1099
1166
1231
1327
1476
1690
1913
2025
1972
1951
1923
2002
2115
2159
2385
2434
1980
1666
1546
1327
897.5
907.3
1381
1563
1339
1422
1966
2090
2244
2341
2228
2135
1908
1429
1087
848.9
774
859.4
1113
1245
1409
1558
1699
1884
1879
963
1301
1392
1076
1375
1556
1613
1559
1413
1379
1237
1030
838.6
799
790.9
795.6
874.1
1080
1438
1762
2025
1976
2116
2066
1825
1641
1514
1411
1723
1787
1631
1313
1139
1087
1044
1039
1000
938.3
899
963.2
1206
1267
1292
1389
1533
1671
1751
1928
2126
2104
1977
1863
1868
1906
1721
1504
1311
1257
1325
1334
1417
1613
1735
1886
1901
1858
1874
1878
2003
1984
2160
2296
1902
1887
1950
1915
1260
819.6
1173
1123
1104
1564
2114
2077
2175
2253
2053
1922
1666
1428
1460
953.3
719.9
768.5
993.5
1127
1422
1648
1808
1865
1935
877
1324
1607
1302
1507
1569
1645
1533
1353
1333
1317
1199
952.8
827.5
794.9
796
792.6
863.6
1049
1378
1643
1923
2278
2335
2193
1969
1796
1602
1719
1812
1607
1228
1145
1266
1297
1246
1097
982.9
899.9
909.3
1115
1338
1448
1435
1331
1422
1397
1558
1903
2139
2133
2106
2150
2106
1906
1676
1499
1492
1482
1529
1527
1562
1634
1804
1942
1957
1906
1950
2083
2005
2175
2381
2231
2315
2376
1998
1288
746.6
1027
1339
1604
1772
2187
2062
2091
2066
1894
1811
1792
1855
1688
1123
773.2
726.1
925.4
1220
1484
1590
1633
1850
1916
784
1149
1412
1168
1337
1569
1592
1450
1361
1328
1348
1351
1208
1008
879.7
805.5
789.5
803.2
842.7
989.3
1225
1532
1858
2233
2253
2320
2068
1841
1813
1763
1447
1213
1075
1336
1541
1561
1306
1106
972.3
890.5
953.2
1079
1133
1131
1108
1161
1157
1269
1506
1810
1924
1924
1964
2019
1998
1916
1840
1785
1633
1582
1674
1737
1910
2110
2128
2018
1930
2038
1982
2018
2156
2290
2060
1950
1971
1663
1218
859
899.3
1310
1866
1979
2143
2028
1932
1926
1836
1820
1963
2040
1786
1272
823.2
807.7
1008
1248
1445
1414
1451
1658
1846
769
1063
1330
1028
1093
1405
1523
1405
1370
1395
1498
1519
1501
1420
1180
950.8
828.4
803.5
806.7
833.6
902.3
1108
1539
1736
1993
2314
2279
2090
1865
1728
1570
1292
1087
1131
1385
1584
1545
1456
1250
1035
927.9
987.4
1117
1320
1297
1055
1029
1139
1283
1519
1632
1803
1890
1749
1718
1726
1732
1692
1647
1580
1585
1668
1869
2087
2087
1969
1978
2105
2166
2274
2339
2226
1998
2026
1737
1376
1196
1108
793.8
1207
1639
1765
2084
2017
1883
1865
1806
1799
1881
1965
1652
1245
864.6
1027
1207
1218
1326
1502
1610
1718
1867
685.5
950.7
1269
934.3
962.5
1427
1558
1455
1383
1466
1637
1724
1617
1532
1448
1234
946.3
818.2
805.1
809.5
825.6
864.8
1102
1375
1685
1885
2224
2305
2114
1895
1681
1453
1388
1221
1135
1187
1297
1429
1504
1348
1151
1016
1027
1234
1367
1239
1085
1239
1514
1658
1740
1656
1459
1320
1334
1323
1417
1463
1500
1581
1612
1685
1851
1895
1910
1934
2033
2110
2199
2323
2449
2372
2372
2229
1997
1581
1459
1203
931.6
1275
1323
1594
1915
2031
1876
1822
1812
1817
1887
1935
1704
1276
913.9
1054
1271
1538
1620
1648
1761
1904
1862
467
828.2
1056
787.1
836.7
1341
1623
1572
1450
1593
1742
1794
1747
1595
1371
1148
936.9
825
805
809.7
816.7
825.7
929.8
1151
1391
1550
1859
2188
2281
2122
1865
1701
1680
1504
1228
1098
1099
1203
1471
1593
1562
1282
1096
1126
1284
1159
1103
1285
1454
1524
1474
1401
1195
1226
1333
1464
1334
1349
1458
1510
1552
1641
1836
1820
1833
1947
2120
2179
2264
2369
2395
2448
2501
2201
1893
1611
1414
995.8
1206
1659
1644
1820
2069
2064
1933
1859
1866
1830
1874
1927
1728
1248
1105
1254
1371
1556
1657
1787
1975
2037
1889
440
726.9
842.2
613.1
582.3
1007
1469
1687
1545
1689
1764
1883
1808
1763
1479
1121
895.4
825.2
808.7
808.8
815
826.2
916.8
1059
1134
1209
1404
1625
2027
2267
2091
2035
1888
1697
1442
1309
1092
1071
1199
1493
1850
1630
1374
1247
1235
1292
1095
1152
1188
1170
1117
1157
1246
1494
1603
1674
1408
1220
1321
1497
1539
1589
1709
1794
1864
1880
2051
2027
2091
2173
2255
2385
2425
2135
1798
1573
1370
965.7
962.6
1624
1688
1884
2177
2075
2015
1903
1903
1920
2042
2088
1779
1265
1208
1427
1568
1799
1939
1937
1996
1985
2076
440
616.9
671.2
513.9
471.9
879.5
1326
1742
1711
1763
1804
1946
1899
1837
1673
1294
1056
963
883.3
823.5
817.3
811.5
822.6
876.5
910.6
985
1048
1221
1534
1883
2088
2105
2047
1906
1605
1386
1229
1102
1115
1387
1836
1913
1799
1586
1444
1352
1293
1152
1068
1166
1329
1384
1435
1429
1531
1617
1402
1258
1274
1493
1674
1722
1846
1904
1933
1948
1921
1903
2002
2060
2184
2278
2188
1891
1713
1511
1310
952.5
1235
1528
1705
1861
2160
2004
1874
1867
1917
2032
2202
2168
1691
1338
1127
1337
1659
1891
2002
1820
1768
1766
1948
425
392.9
433.1
445.3
441.4
900.9
1431
1734
1758
1847
1861
1954
1992
1981
1832
1610
1447
1262
1109
897.8
827.2
816.6
824.8
850.7
841.9
842.5
841.6
915.7
1053
1284
1594
1890
2029
1974
1808
1644
1471
1266
1137
1318
1639
1969
2070
1979
1833
1641
1511
1463
1241
1231
1257
1349
1364
1314
1372
1518
1562
1524
1312
1369
1723
1788
1841
2048
2052
1926
1855
1995
2043
2027
2018
2065
1818
1517
1359
1005
1063
1196
1076
1280
1619
1739
2055
1889
1643
1730
1904
2103
2390
2342
2006
1584
1096
1223
1637
1910
1899
1649
1487
1447
1506
295
256.5
296.9
314.3
381.2
717.6
1251
1540
1645
1754
1738
1855
1986
2079
2024
1918
1711
1542
1281
970
853.2
824.5
828.5
880.4
882.6
878
828.7
827.6
855.5
980.6
1163
1510
1795
2076
1966
1792
1468
1239
1138
1286
1429
1740
2043
2291
2201
1907
1629
1504
1480
1327
1340
1404
1439
1374
1367
1525
1763
1593
1282
1302
1767
1848
1895
2095
2066
1874
1863
2000
1989
1893
1826
1716
1452
1140
1124
891
1311
1691
1133
1060
1417
1620
1914
1826
1506
1632
1912
2131
2466
2447
2115
1774
1255
1169
1567
1668
1736
1467
1229
1191
1322
213
282
287.3
279.2
423.9
659.1
904.9
1213
1615
1742
1713
1812
1928
2109
2173
1971
1788
1492
1239
1029
897.5
831
842.7
1009
1058
960
874.8
835.4
829
857
923.3
1100
1349
1676
1763
1689
1521
1304
1171
1324
1446
1756
2063
2145
2137
2026
1949
1808
1541
1381
1404
1591
1632
1484
1436
1562
1852
1544
1234
1310
1696
1914
2004
2074
2006
1910
1759
1590
1586
1498
1679
1467
1189
872.3
889.7
1094
1622
1584
1156
1334
1561
1711
1880
1771
1493
1597
1870
2121
2435
2488
2136
1725
1316
1107
1292
1488
1442
1239
1130
1180
1341
505
491
501.3
391
509.8
776.5
949.3
1031
1386
1701
1698
1725
1841
2160
2306
2143
1953
1773
1544
1283
1009
856.4
859.2
1207
1402
1306
1067
902.6
841.6
846.8
872.6
929.6
1004
1136
1323
1503
1554
1464
1265
1392
1548
1681
1733
1689
1847
1861
2073
1994
1721
1432
1383
1685
1869
1634
1496
1515
1617
1358
1237
1423
1678
1905
2002
2124
2025
1864
1729
1515
1273
1191
1372
1178
887.7
906.3
1176
1480
1851
1702
1451
1444
1600
1803
1905
1607
1482
1597
1820
2042
2406
2642
2467
2018
1626
1362
1163
1233
1140
1049
1123
1254
1271
723
567
494.1
555.9
669.1
878.8
1096
1326
1392
1621
1708
1751
1773
2028
2257
2257
2114
1749
1475
1242
1051
880.6
885.6
1337
1765
1658
1295
1047
864.5
876.6
975.9
1079
1125
1100
1125
1115
1207
1256
1267
1300
1479
1521
1421
1485
1590
1729
2036
2111
1948
1673
1492
1735
2010
1816
1601
1587
1592
1331
1418
1566
1664
1829
1956
2124
2032
1837
1638
1401
1239
1050
911.7
964.9
797.4
908.8
1282
1549
1951
1969
1905
1609
1482
1826
1851
1509
1486
1651
1826
1964
2358
2647
2546
2266
1887
1365
1034
952.3
978.9
1001
1183
1420
1504
701
571.8
341.9
411.7
620.8
1001
1249
1457
1740
1781
1789
1884
1840
1917
2155
2250
2160
1991
1720
1522
1237
950.7
949.2
1391
1910
1804
1580
1263
930.2
936.1
1015
1133
1366
1448
1422
1255
1119
1082
1084
1103
1154
1213
1257
1359
1544
1717
1925
2045
1898
1700
1738
1822
1995
1905
1725
1648
1563
1369
1485
1539
1625
1710
1903
2127
2225
2114
1885
1686
1438
1115
957.5
988
852.7
1275
1573
1681
1899
2054
2102
1743
1531
1845
1771
1492
1503
1700
1885
2029
2289
2541
2495
2326
1999
1456
1061
958.5
969
1031
1190
1494
1678
443.5
486.3
286.7
343.9
535.3
841.3
1123
1416
1828
2061
2031
2051
2068
2116
2149
2281
2367
2357
2124
1788
1487
1105
1077
1477
1875
2004
1833
1411
1029
1009
959.6
1077
1458
1726
1717
1490
1348
1316
1237
1133
1077
1098
1252
1451
1566
1733
1791
1758
1635
1616
1724
1758
1863
1913
1849
1677
1541
1375
1365
1416
1552
1625
1842
2096
2127
1744
1698
1485
1146
1010
862.1
781.9
1101
1496
1700
1989
1907
1970
2000
1602
1592
1849
1656
1476
1543
1774
1898
1977
2191
2436
2435
2358
2159
1783
1266
1009
982.9
1028
1160
1446
1611
208
255.9
202.4
268.3
455.9
756.2
1050
1429
1687
2055
2311
2210
2177
2247
2277
2237
2301
2422
2367
2124
1711
1381
1309
1749
2003
2001
1767
1346
1301
1275
1177
1012
1249
1638
1980
1823
1609
1524
1320
1202
1172
1075
1130
1275
1432
1494
1508
1449
1468
1544
1479
1543
1734
1846
1860
1668
1637
1533
1481
1356
1476
1584
1866
2090
1976
1505
1339
1085
858.9
797.3
741
783.6
1144
1410
1706
2028
1888
2036
1993
1564
1582
1703
1544
1487
1651
1951
2057
1924
2041
2241
2240
2309
2244
1998
1489
1074
973.2
1030
1204
1541
1948
174
178.5
183.3
286.7
569.4
915.4
1069
1173
1355
1753
2068
2134
2069
2242
2242
2354
2282
2160
2251
2247
2113
1878
1641
2071
2163
1860
1537
1402
1687
1580
1419
1067
1191
1511
1850
2076
1938
1802
1692
1393
1249
1168
1080
1126
1211
1287
1341
1321
1436
1517
1598
1725
1844
1792
1792
1841
1782
1604
1433
1300
1483
1698
2007
2181
1947
1818
1559
1091
866.3
780.5
735.7
908.1
1376
1604
1712
1941
1933
2168
2020
1663
1570
1512
1485
1542
1779
2064
2122
2012
2060
2061
2058
2106
2082
1983
1704
1266
1009
1015
1219
1589
1952
181
197.9
204.9
365.6
699.8
932.4
1020
997.4
1348
1581
1699
1953
2005
2032
2057
2229
2272
2228
2026
1994
2062
1999
1831
2297
2350
1923
1803
1774
1860
1649
1416
1094
1206
1358
1616
1996
2227
2146
1900
1537
1366
1317
1165
1081
1116
1258
1350
1449
1514
1580
1682
1913
1988
1910
1786
1926
1829
1568
1335
1271
1460
1745
2132
2322
2135
1835
1544
1099
846
749.7
749.5
1126
1449
1736
1794
1860
1962
2161
2048
1753
1549
1513
1565
1615
1799
2045
2076
2069
2092
1938
1874
1876
1905
1944
1839
1553
1123
1016
1177
1480
1644
195
230.9
230
385.1
673.8
937.1
933
905.1
1179
1223
1419
1774
1882
2080
2114
2145
2092
1997
1919
1857
1835
1909
1942
2395
2539
2289
2088
2030
1959
1726
1481
1175
1105
1230
1431
1766
2270
2429
2167
1719
1540
1603
1385
1153
1119
1304
1540
1701
1652
1647
1731
2007
2048
1938
1806
1880
1791
1565
1319
1278
1474
1790
2184
2459
2231
1887
1554
1095
828.8
719.1
727.2
1115
1509
1817
1797
1826
2008
2081
1996
1663
1542
1595
1667
1782
1883
2032
2043
2053
2032
1847
1782
1754
1741
1770
1817
1623
1273
1026
1152
1426
1749
192
218.6
215
373.2
652.2
775.7
796.1
803.6
916.3
893.3
1138
1546
1798
2111
2056
1834
1785
1713
1692
1744
1797
1840
1959
2426
2514
2564
2270
2051
1900
1793
1534
1329
1188
1224
1506
1793
2153
2398
2354
1904
1900
1667
1547
1289
1177
1343
1503
1612
1609
1694
1786
1963
2056
2000
1898
1950
1824
1629
1392
1354
1419
1753
2165
2309
1990
1728
1598
1111
844.3
741.1
780.8
1095
1465
1813
1755
1946
2132
2068
1801
1580
1643
1728
1881
2012
2005
2061
1984
1969
1896
1757
1687
1662
1659
1715
1755
1665
1411
1072
1202
1483
1504
184
282.7
254.5
266.3
394.1
444.1
602.2
620.9
682.4
774.1
1115
1376
1614
1891
1847
1600
1550
1504
1580
1693
1764
1781
1852
2287
2412
2375
2280
2025
1840
1863
1475
1143
1255
1532
1736
1931
2188
2157
2193
2087
2112
1650
1474
1523
1272
1307
1531
1597
1641
1805
1905
1930
1956
1955
2008
2048
1881
1722
1521
1429
1411
1774
2200
2373
1991
1698
1417
1027
857.9
771.4
807.4
1081
1208
1548
1743
1974
2096
1910
1604
1613
1767
1885
1978
2028
2024
1995
1885
1770
1710
1706
1671
1635
1680
1697
1700
1676
1447
1122
1191
1576
1835
188
288.8
281.3
215.5
244.2
323.2
431.7
499.2
693.3
823.1
1095
1211
1566
1714
1658
1463
1384
1399
1439
1608
1783
1778
1752
2137
2341
2091
2056
1762
1774
1821
1546
1131
1355
1573
1767
1940
2258
2022
1942
1827
1698
1621
1752
1637
1335
1327
1604
1738
1600
1766
1917
1768
1797
1930
2138
2067
1939
1803
1529
1422
1514
1913
2318
2421
1983
1663
1412
997.7
835.3
751.2
790.4
897.6
1001
1496
1780
1850
1767
1548
1531
1709
1861
1969
2038
2071
2036
1869
1811
1689
1637
1658
1661
1610
1649
1568
1590
1617
1563
1273
1130
1394
1649
179
199.9
233.8
205.2
206
279.5
411.5
639.3
754.9
885.5
1114
1152
1533
1477
1478
1345
1315
1435
1581
1742
1880
1819
1723
2003
2409
2153
1833
1481
1492
1458
1426
1097
1261
1442
1666
2036
2315
2111
2036
1869
1885
1934
1816
1614
1377
1368
1633
1734
1681
1699
1748
1683
1812
2004
2154
2114
2070
1896
1518
1361
1528
1907
2288
2300
1989
1754
1407
944.6
773.8
755.7
828.2
1189
1262
1442
1653
1729
1503
1409
1585
1823
1962
2014
2000
2009
1923
1786
1752
1686
1642
1674
1712
1676
1614
1542
1514
1603
1579
1373
1145
1386
1628
177
202.6
285.5
220.3
219.5
297.9
505.5
672.4
717.8
904.6
1115
1014
1333
1295
1353
1350
1379
1517
1759
1884
1891
1885
1886
2097
2457
2205
2024
1895
1480
1305
1181
1083
1402
1516
1670
1947
2385
2303
2075
1848
1773
1862
1775
1507
1384
1417
1562
1627
1694
1685
1643
1623
1817
2172
2185
2106
2057
1866
1520
1367
1618
1856
2300
2380
2078
1931
1354
903.8
742.1
988.3
1239
1363
1493
1766
1680
1584
1400
1429
1701
1963
2024
2031
1970
1825
1756
1709
1694
1665
1703
1769
1865
1800
1662
1515
1472
1464
1389
1333
1246
1373
1627
187
234.1
338.2
284.9
228
437.5
708.7
868.8
777.5
984.4
1141
871.2
1122
1301
1521
1623
1594
1691
1816
1852
1789
1946
1986
2066
2310
2137
2155
2332
2063
1694
1385
1063
1161
1367
1653
2016
2246
2255
2049
1971
1838
1927
1936
1624
1442
1466
1580
1634
1634
1675
1644
1650
1977
2137
2117
2217
2096
1810
1543
1379
1574
1833
2327
2424
1938
1700
1182
840.8
762.3
1212
1696
1572
1482
1661
1700
1424
1415
1659
2108
2244
2138
2017
1864
1698
1668
1667
1664
1665
1743
1835
1926
1921
1701
1536
1531
1529
1449
1536
1414
1387
1658
201
181.5
316.9
291.4
227.4
502.3
949.6
1043
864.8
1028
1135
790
1037
1349
1630
1773
1713
1689
1756
1780
1782
1903
1946
2112
2282
2217
2286
2435
2276
1885
1483
1091
1087
1395
1568
1889
2098
2297
2174
2048
1913
2033
1980
1695
1417
1428
1527
1680
1763
1672
1633
1641
1925
1964
2012
2178
2109
1767
1447
1394
1648
1914
2409
2513
1899
1370
1030
756.6
946.5
1502
1894
1815
1591
1578
1545
1389
1445
1648
2132
2360
2267
2029
1834
1664
1647
1650
1673
1675
1749
1921
1998
2015
1760
1661
1587
1655
1574
1706
1613
1511
1591
197
154.1
210.3
241.7
209.2
448
949.6
1044
719.4
795.8
917.9
705.9
1032
1222
1352
1559
1531
1524
1615
1713
1773
1916
2000
2129
2260
2230
2273
2336
2051
1710
1399
1114
1003
1145
1311
1553
1917
2272
2312
2166
2020
2030
1774
1521
1405
1465
1586
1725
1873
1775
1711
1638
1709
1811
1875
2137
2091
1767
1467
1487
1706
2040
2505
2588
2060
1687
1090
733.8
1149
1714
1943
1937
1610
1399
1375
1372
1496
1787
2207
2438
2309
1999
1814
1671
1653
1654
1685
1718
1788
1933
2037
2011
1852
1812
1716
1743
1642
1713
1719
1692
1525
178
154.3
159.8
174.4
209.4
385
675.4
928.6
700.1
548
597.3
573.7
735.7
874
997.2
1183
1333
1405
1533
1727
1924
2073
2004
2118
2099
2109
2211
2274
2037
1727
1384
1113
1018
1139
1296
1627
1914
2189
2416
2343
2171
2013
1706
1529
1498
1615
1775
1865
1955
1861
1828
1731
1698
1717
1756
1964
2050
1806
1480
1549
1804
2379
2714
2535
2203
1782
1106
745.5
1254
1779
1884
1788
1486
1297
1359
1511
1528
1642
1938
2310
2151
1988
1791
1678
1656
1654
1673
1708
1845
2019
2057
1940
1881
1870
1899
1873
1761
1748
1753
1839
1578
158
157
167.8
176.5
214.9
342.8
444.4
757
733.5
469
549.5
738.1
886.1
772.2
950.5
1225
1503
1586
1583
1634
1848
1996
1834
1989
1877
2067
2070
2090
1872
1571
1342
1124
1145
1234
1274
1606
1912
2119
2268
2227
2015
1939
1751
1543
1567
1731
1911
2050
2094
1923
1957
1840
1756
1861
1791
1876
2059
1944
1543
1570
1872
2547
2593
2309
2009
1505
1054
756.4
1127
1748
1613
1382
1147
1125
1293
1301
1351
1600
2045
2347
2184
2132
1827
1673
1648
1647
1657
1678
1839
2036
2046
1979
1971
1899
1976
1946
1833
1789
1912
1970
1620
149
156.5
171
164.1
193.1
275
288
407.8
474.1
482.9
603.9
921.9
1037
991.9
900.2
1214
1499
1695
1729
1749
1744
1845
1789
1849
1775
1949
2044
2027
1856
1568
1338
1181
1149
1208
1297
1467
1840
2151
2152
2257
2192
2145
1836
1575
1670
1796
2002
2240
2229
2072
2263
2022
1819
1811
1858
1809
1938
2004
1610
1619
1932
2595
2824
2596
2310
1838
1171
827.2
894.6
1460
1237
1142
1124
1312
1559
1444
1624
1828
2082
2218
2253
2185
1904
1701
1647
1646
1644
1649
1770
2010
2118
2089
2058
1998
2072
2038
1949
1963
2141
1947
1381
142
144.6
149.5
154.6
190.5
245.5
320.2
417.8
547.2
612.8
614.6
975.6
1197
1236
975.6
1132
1550
1841
1803
1802
1902
1866
1947
1956
1832
2050
2069
1860
1835
1585
1332
1106
1102
1276
1356
1446
1895
2108
2149
2337
2372
2262
1835
1694
1787
1845
1947
2230
2209
2102
2325
2327
2076
1889
1909
1830
1898
1915
1586
1734
2066
2712
2854
2613
2310
1766
1182
850.4
941.4
1150
1068
1163
1282
1508
1703
1728
1886
2143
2170
2186
2326
2219
1990
1740
1647
1643
1644
1649
1728
1970
2220
2190
2059
2183
2211
2104
2122
2280
2073
1661
1564
151
159
148.7
156.7
189.5
239.5
348
492.2
717.2
780.8
749.8
1011
1401
1421
1181
1042
1493
1973
2011
1951
2104
1956
2177
2079
1886
2011
2045
1793
1555
1460
1342
1128
1289
1340
1281
1602
1907
1967
2104
2206
2255
2137
1863
1999
2135
2044
1929
2027
2098
1992
2078
2229
1977
1871
1901
1860
1927
1812
1595
1745
2178
2810
2761
2367
2084
1664
1189
966.8
852.6
821.4
904.3
1129
1339
1698
1830
1946
1965
2310
2444
2239
2334
2347
2176
1941
1754
1673
1649
1656
1703
1913
2261
2266
2125
2380
2247
2140
2110
2102
1489
1569
2010
198.5
225.1
182.4
165.4
172
215.6
321.5
592.1
861.6
934.8
945.6
1118
1481
1689
1379
1112
1354
1807
2114
2175
2249
2176
2306
2082
2121
2180
2055
1870
1561
1356
1192
1234
1473
1489
1361
1711
2008
1995
2077
2167
2165
2039
1949
2064
2185
2184
2131
2244
2105
1964
1978
2072
1835
1777
1784
1749
1785
1682
1556
1750
2237
2739
2965
2875
2429
1748
1222
972.1
838.5
891.2
869.4
1027
1236
1610
1928
2179
2194
2442
2590
2406
2513
2436
2174
2066
1923
1726
1663
1681
1740
1913
2297
2285
2236
2378
2234
2087
1770
1587
1710
2011
2313
187
353
255.7
187.9
165
184
249.3
455.6
692.7
918.4
1141
1379
1607
1867
1565
1181
1336
1772
2221
2407
2490
2408
2446
2211
2308
2141
1938
1707
1667
1525
1358
1353
1635
1825
1590
1639
1931
2076
2099
2069
2009
1914
1983
2198
2219
2209
2214
2371
2146
1917
1866
1845
1747
1743
1634
1612
1666
1561
1589
1851
2417
3032
2967
2950
2363
1697
1244
972.7
811.1
1064
951.2
1020
1139
1431
1859
2232
2389
2497
2628
2506
2680
2531
2264
2073
1959
1771
1675
1709
1779
1947
2249
2262
2245
2245
2144
1720
1466
1863
2020
2081
2282
171
314.9
282.3
247.4
227.2
215.5
218.6
403.8
663.7
929.5
1172
1234
1368
1809
1814
1430
1425
1772
2021
2243
2541
2510
2605
2426
2446
2248
1927
1945
2176
1888
1507
1318
1554
1936
1830
1721
2000
2188
2239
2110
1911
1854
1983
2211
2203
2257
2214
2324
2035
1865
1895
1817
1740
1677
1575
1570
1627
1508
1586
1852
2405
3156
2905
2395
2166
1784
1251
847.9
1024
1246
965.2
1009
1155
1514
1707
1980
2334
2434
2579
2548
2801
2701
2416
2162
2038
1792
1688
1766
1869
2108
2355
2191
2107
2039
1873
1512
1825
2119
1876
2057
2172
164.5
203
231.5
293.9
305.6
268.7
241.6
372
564.5
683.7
914.7
861.8
997.7
1299
1593
1683
1500
1755
2009
2238
2202
2254
2484
2696
2678
2501
2247
2428
2568
2110
1620
1417
1668
2025
1881
1744
1855
2010
2235
2054
1853
1935
2194
2268
2248
2216
2108
2039
1896
1810
1850
1807
1724
1672
1622
1544
1510
1513
1655
1904
2383
3114
3077
2435
1909
1552
1165
816.4
1102
1302
1112
1180
1287
1652
1963
2245
2370
2517
2668
2614
2790
2649
2286
2112
2002
1866
1785
1916
2069
2349
2420
2239
2077
1927
1611
1736
1919
1771
1718
1914
2072
166
186.8
192.6
248.5
277.9
285.4
341
392.4
440.5
511.2
701.3
633.3
811.9
1078
1450
1771
1844
2028
2331
2365
1846
2020
2171
2551
2713
2663
2830
2721
2517
2123
1700
1761
1922
2128
1884
1685
1768
1917
2040
1904
1795
1978
2253
2274
2198
2005
1977
1982
1895
1774
1779
1747
1709
1687
1665
1523
1525
1554
1654
1854
2302
2955
3120
2609
2014
1419
1115
870.3
1108
1287
1308
1341
1361
1703
1989
2337
2402
2535
2705
2753
2823
2707
2416
2196
1975
1861
1849
2006
2206
2368
2417
2189
2070
1821
1510
1796
1652
1788
1940
1892
1902
151
182
168.6
196
207.6
294.6
391.6
327.7
356.1
506.5
477.1
580.7
933.9
1288
1531
1640
1804
1919
2097
2196
1634
1769
1889
2499
2665
2784
2912
2601
2274
2003
1840
2111
2114
2253
1992
1757
1802
1950
1907
1777
1779
2039
2242
2245
2120
1999
2141
2234
1900
1750
1763
1723
1884
1851
1730
1505
1529
1551
1640
1822
2154
2711
2999
2296
1771
1362
1184
852.4
1055
1276
1437
1418
1379
1663
1950
2298
2378
2448
2703
2779
2844
2779
2657
2340
1999
1869
1957
2103
2286
2338
2336
2113
1866
1592
1537
1647
1501
1852
2150
2131
2072
268.5
243.3
172.4
183.3
216
310
360.5
302.1
333.5
446.3
422.1
550.3
829.2
1210
1302
1363
1490
1541
1725
1903
1419
1518
1866
2369
2548
2852
2873
2590
2445
2253
2196
2173
2051
2185
2032
1786
1960
2094
1882
1746
1798
2045
2215
2277
2136
2111
2307
2450
2003
1744
1727
1792
2078
1943
1679
1518
1546
1569
1687
1903
2234
2820
2976
2468
2035
1556
1256
968.5
863.4
1045
1415
1524
1488
1716
1941
2133
2251
2374
2608
2681
2670
2764
2660
2303
1996
1870
1984
2152
2375
2286
2076
1682
1540
1487
1564
1478
1570
1939
2178
2167
2057
340
265.4
172.9
203
266.1
328.6
285.7
297.1
354.2
466.1
468.7
459.1
625.1
837.8
967.4
1106
1136
1255
1549
1648
1294
1539
1942
2356
2574
2759
2702
2493
2385
2526
2493
2141
1905
1894
1826
1888
2032
2119
1872
1733
1857
2046
2248
2371
2256
2150
2181
2350
2029
1725
1704
1869
2105
1895
1711
1571
1520
1551
1673
1929
2203
2807
3058
2598
2207
1732
1396
1133
935.1
901.2
1227
1521
1547
1650
1893
2016
2097
2137
2315
2352
2387
2700
2675
2280
1978
1897
1956
2088
2376
2183
1810
1535
1459
1512
1498
1551
1828
2136
2101
1950
1898
256
207.2
159.9
191.2
245.7
309.6
236.7
416.8
477
398.9
451.4
538
476.5
443.1
686
946.8
958.9
1263
1350
1357
1167
1404
1833
2105
2387
2519
2300
2079
2277
2638
2575
2208
2016
1884
1775
1848
2025
1938
1798
1752
1940
2074
2244
2353
2295
1982
1890
1944
1805
1676
1744
1950
2075
2144
1953
1729
1553
1563
1641
1801
2191
2725
3198
3026
2431
2077
1559
1281
1013
847.8
1275
1518
1453
1725
1988
2079
1924
1840
1966
1991
2484
2824
2775
2294
1943
1883
1828
1845
2035
1975
1613
1599
1542
1576
1647
1814
2148
2364
2013
1826
1793
170
174.7
158.3
165.6
192.9
215.9
230.4
346.4
514.7
511.1
480.2
704.2
569.3
384.5
498
717.3
787.7
1028
1066
1108
1184
1371
1632
1949
2194
2221
2043
1915
2216
2497
2420
2108
2017
2098
1839
1812
1883
1912
1944
1883
2017
2122
2284
2391
2350
2081
1950
1914
1893
1722
1845
2093
2269
2223
2014
1693
1546
1552
1606
1755
2167
2714
3167
3147
2742
2378
1643
1257
942.5
822.6
1253
1454
1547
1701
1786
1639
1752
1784
1727
1901
2498
2795
2832
2413
1998
1949
1886
1860
1739
1643
1513
1577
1532
1677
1827
2102
2375
2307
1960
1830
1872
152
156.9
156.3
158.1
169.6
186.1
238
325.4
432.4
517.8
588.6
709.7
660.7
445.8
396.9
558
771.5
1034
1085
1118
1186
1280
1556
1909
1988
1749
1695
1837
2065
2228
2360
2212
2371
2240
1947
1830
2045
2232
2174
2094
2195
2259
2372
2344
2312
2175
1932
1800
1865
1812
1898
1985
2375
2307
2110
1695
1569
1551
1589
1706
2026
2586
3073
3019
2495
2137
1639
1331
984.4
811.4
1067
1275
1426
1350
1565
1676
1663
1627
1708
1979
2465
2700
2870
2503
2082
2006
2027
2038
1961
1590
1445
1512
1614
1789
2024
2292
2473
2217
1939
1850
1854
153
152.6
156.7
168.9
168.4
179.9
208.6
260.9
301.7
329.6
397.5
480.5
588.7
499
365.5
432.5
800.8
1044
1294
1237
1201
1388
1695
1714
1686
1510
1551
1714
1705
1923
2160
2165
2468
2369
2192
1985
1988
2104
2067
2084
2348
2482
2579
2400
2103
1908
1787
1729
1722
1879
2052
1928
2268
2332
2215
1830
1615
1562
1600
1684
1858
2354
2943
3142
2785
2580
1893
1367
1000
811.4
1138
1075
1174
1357
1765
1958
1878
1886
2149
2289
2575
2637
2917
2641
2185
1969
2070
2060
2037
1654
1526
1521
1618
1733
2154
2412
2416
2089
1852
1803
1827
150.5
151.2
156.5
167
165.6
176.7
209.6
245.4
251.8
281.9
284.2
324.9
459.3
478.9
371.7
399.7
654.2
1030
1207
1382
1339
1354
1587
1587
1366
1239
1338
1453
1648
1828
1991
2310
2748
2659
2362
2058
1951
2004
1959
2090
2239
2490
2648
2529
2227
2025
1807
1774
1730
1878
2032
1931
2154
2438
2221
1925
1652
1563
1614
1699
1852
2221
2721
3172
2982
2578
1958
1404
955.8
806
1129
1500
1721
1986
2062
2116
2160
2134
2364
2590
2704
2694
2672
2780
2460
2191
2029
1760
1622
1451
1396
1511
1396
1708
2149
2410
2315
2029
1891
1861
1806
178
152.5
152.5
157.8
160.7
175.8
231.2
273.4
257.9
341.5
322.5
334
402.2
480.2
379.5
436.2
558.1
869.6
974.6
1107
1214
1123
1267
1396
1243
1049
1236
1351
1552
1799
2085
2326
2831
2881
2474
2133
1968
1968
2002
2228
2339
2445
2678
2555
2286
2118
1861
1796
1745
1912
2091
1915
1995
2221
2114
1961
1670
1560
1626
1717
1869
2169
2629
3038
2682
2294
1830
1258
888.6
783.8
1041
1630
1748
1883
2022
2218
2256
2298
2512
2852
2938
2702
2508
2597
2411
2201
2019
1793
1467
1404
1538
1780
1473
1854
2219
2173
2161
2066
2116
2050
1908
213
161.7
153
159.3
163
183
261.5
345.5
288.8
325.7
343
445.8
486.6
359.8
282.6
402
424
519.1
775
752.7
894
784.9
868.7
1046
1014
1054
1430
1642
1693
1761
2023
2249
2811
2934
2410
2099
2093
1916
1921
2149
2431
2481
2711
2738
2341
1990
1815
1734
1783
2050
2121
1997
1851
2050
2014
2019
1722
1561
1637
1732
1890
2206
2616
3188
2890
2545
2035
1523
955.2
809.5
1095
1668
1677
1881
2106
2281
2252
2485
2896
3154
2900
2550
2404
2327
2037
1789
1719
1554
1491
1616
1934
2081
1609
1529
1863
1934
2099
2239
2277
2113
1844
191
163.3
156.8
167.1
172.8
178.4
213.8
320.4
349.6
333.3
309.1
291.2
270.7
233.1
256.2
404.4
407.3
358.4
590.8
584.6
675.3
621
625.5
729.6
843.7
1171
1469
1742
1979
2071
2314
2403
2855
2814
2334
2170
2189
2014
1958
2211
2524
2758
2894
2839
2417
2107
1811
1778
1889
2130
2229
2026
1902
2248
2164
2012
1780
1604
1625
1704
1842
2119
2569
3139
3102
2509
1898
1380
1011
842
1160
1599
1661
1846
2042
2238
2366
2710
3130
3315
3077
2820
2449
2144
1988
1985
1775
1750
1862
2132
2232
1840
1529
1776
2019
2153
2151
2197
2119
1977
1777
163.5
162.1
161.4
179.4
171.2
179.8
197.4
305.7
494.8
429.1
418.8
329
280
247.9
254.6
387
420
304.1
459
490.7
505.4
521.8
537.6
617.7
895.9
1150
1244
1437
1697
1997
2324
2633
2815
2628
2481
2465
2340
2121
2138
2303
2528
2829
2995
2912
2536
2130
1807
1848
2035
2240
2222
2006
1874
2136
2262
2121
1816
1758
1655
1689
1802
2015
2515
3102
3087
2559
2098
1454
1112
865.8
1184
1581
1643
1935
2029
2157
2435
2820
3182
3175
2719
2622
2448
2180
2055
1892
2007
2146
2370
2447
2041
1531
1852
2032
2094
2217
2265
2365
2238
1995
1777
156
166.3
167.9
164.4
169.9
195.7
230.9
361.1
691.1
556.5
554.6
449.8
385.5
288
253.2
294.4
319.7
315.6
278.6
360.7
496.1
542.3
503
634.1
878
1031
1179
1317
1728
2110
2225
2760
2858
2798
2705
2578
2479
2221
2342
2526
2696
2792
2926
2602
2305
2060
1814
1908
2267
2375
2075
2076
1896
1913
2198
2114
1883
1969
1756
1729
1807
1965
2404
3018
2882
2309
1963
1478
1295
884.6
1217
1514
1584
1827
1953
2134
2316
2456
2881
2969
2523
2196
2079
1968
1918
2009
2213
2509
2819
2467
1791
1460
1955
2257
2303
2268
2360
2510
2290
2018
1755
153
162.1
169.4
177.2
191.3
204.9
257.2
394
630.8
669.7
785.2
665.9
677.5
530.6
346.2
280.4
295.8
303.2
400.8
603.7
687.9
801.9
725.2
857.6
1084
1277
1377
1627
1881
2316
2414
2513
2530
2866
2770
2663
2622
2492
2587
2834
3131
3055
2903
2381
2089
1887
1830
1917
2220
2427
2226
2173
1989
1871
2043
2089
1986
1955
1755
1730
1860
2077
2425
2927
3052
2621
2190
1567
1129
868.5
1169
1715
1795
1781
1869
2048
2101
2296
2700
2893
2455
2143
2160
2205
2145
2152
2476
2987
3063
2450
2199
1679
1608
1824
2174
2390
2475
2400
2160
1951
1764
155
169.4
194
202
255.9
276.5
231.5
306.8
456.8
702.3
929
826.8
855.4
827
476.3
259.1
231.7
276.7
415.7
658.7
838.2
956.1
987.1
1211
1409
1488
1622
1841
2021
2154
1920
1885
2205
2647
2842
2780
2734
2770
2864
3140
3368
3153
2797
2360
2126
2053
2000
1919
2258
2366
2144
2147
2006
1871
1956
2084
2083
1936
1746
1738
1879
2123
2623
2940
2870
2413
1967
1422
1075
866.3
1330
1696
2004
2087
1849
1894
2214
2515
2859
2705
2291
2220
2337
2295
2328
2456
2732
3203
2971
2501
2455
2027
1601
1647
2137
2390
2569
2424
2152
1975
1969
160
169.9
198.5
204.8
265
392.1
323.1
369.4
546.5
655.5
604.8
502.2
440.2
699.6
505.1
229.9
195.8
294.7
500.9
571.4
663.9
799.2
787.8
1235
1640
1629
1586
1437
1471
1478
1469
1676
1972
2392
2888
2987
2926
3006
3073
3347
3301
2892
2539
2477
2334
2442
2237
2031
2541
2515
2258
2158
1930
1899
2048
2291
2148
1990
1807
1807
1921
2154
2652
2919
2699
2206
1691
1270
996.3
920.3
1733
2004
2187
2170
1970
1878
2393
2573
2795
2634
2238
2152
2256
2437
2615
2864
2774
2866
2681
2052
2099
1739
1535
1830
2301
2450
2612
2428
2129
2140
2157
163
181.9
189.9
191.1
242.6
300.7
300.4
421
522.1
557.1
577.7
336.9
277
383.2
304.6
201.9
187
221.9
345.2
449.7
517.5
653.2
596.8
892.2
1195
1290
1184
1096
1083
1344
1745
2114
2304
2533
2973
3152
3143
3147
3117
3099
2900
2801
2527
2331
2368
2625
2417
2169
2624
2699
2229
2030
1891
1945
2123
2346
2188
1920
1775
1854
2084
2242
2617
2933
2593
2220
1794
1301
1205
1030
1465
1782
1971
1844
1834
1727
2092
2438
2786
2526
2135
2107
2262
2541
2854
2974
2547
2414
2380
1919
1806
1600
1955
2265
2223
2337
2535
2525
2311
2375
2390
180.5
188.8
265.6
291.1
332.7
308.3
251
351.6
441.1
490.2
599.1
314.8
253.1
285.5
247.2
218.8
209.2
201.9
272.2
376.9
328
441.3
549.6
612
789.6
873.5
943.2
1102
1337
1746
2158
2511
2646
2967
3166
3241
3130
3066
2830
2639
2676
2813
2564
2244
2369
2764
2564
2231
2575
2576
2150
1947
1914
2119
2229
2263
2284
2007
1796
1879
2068
2315
2706
3087
2705
2281
1831
1317
1223
965.9
1181
1405
1714
1553
1662
1603
1871
2161
2515
2246
2041
2058
2328
2846
3067
2941
2411
2072
1885
1692
1829
1938
1838
1734
1744
2009
2078
2356
2530
2589
2450
201
166.5
269.7
356.2
374.2
335.8
256
300
355.5
368.8
584.9
304.7
377.3
346.8
274.7
239.8
225.7
215.3
236.3
255.2
310.5
540.8
795.8
727.7
816.1
1074
1223
1618
1843
1989
2273
2448
2558
2879
2775
2768
2703
2658
2609
2400
2679
2749
2344
2118
2444
2878
2685
2378
2657
2456
2136
1970
1930
2183
2483
2412
2393
1986
1852
1862
2045
2375
2822
3208
2798
2144
1867
1263
1123
918.7
1227
1258
1276
1362
1479
1555
1776
2194
2302
2075
2062
2027
2340
2900
3173
2832
2369
2051
1763
1675
2423
2595
2462
1916
1565
1554
1920
2456
2460
2626
2478
243
152.6
210
288.2
304.1
317.9
322.9
434.4
334.3
262.2
317.5
251.7
278.4
273
255.1
318.8
260.3
228.3
227.7
221
276.1
476.1
746.2
925.1
1117
1465
1669
1832
1983
2014
1797
1892
1985
2113
2197
2481
2553
2392
2343
2349
2699
2549
2155
2190
2593
2951
2825
2574
2760
2512
2204
2085
1971
2199
2470
2598
2435
2081
1890
1927
2090
2460
2917
3306
2917
2197
1706
1269
1199
953.2
1401
1849
2150
2070
2003
1932
1714
1909
1918
1950
2103
2048
2274
2770
3069
2666
2079
1799
1609
1963
2701
2503
2214
1987
1860
1690
2011
2208
2436
2596
2319
250
166.5
249.1
316.8
290.1
285.3
387.2
540.6
339
282.1
280.5
327.5
435.3
340
282.6
372.4
332.2
250.2
224.9
259
285.1
442.6
775.4
839.8
1114
1534
1723
1543
1548
1493
1354
1467
1552
1696
2074
2513
2552
2345
2177
2455
2655
2360
2041
2275
2518
2813
2831
2721
2854
2593
2323
2175
2043
2091
2321
2643
2488
2119
1941
1990
2200
2511
2828
3292
3117
2439
1835
1228
1104
943.6
1413
1844
2207
2293
2441
2208
1805
1869
1911
2145
2317
2153
2279
2715
3041
2480
1990
1641
1515
2101
2782
2667
2535
2300
1895
1733
2046
2354
2486
2517
2307
180
178.8
286.5
334.1
226.5
188.6
229.8
323.9
280.3
317.8
262.2
482.3
578.5
473.5
384.7
564.9
512.5
300.7
217.8
259.4
313
289.3
408
553.1
788.5
1145
1490
1162
1163
1042
1126
1392
1678
1988
2427
2804
2588
2129
2205
2482
2413
2041
1941
2184
2331
2403
2486
2588
2919
2763
2416
2441
2207
2002
2277
2600
2300
2166
2144
2090
2304
2743
3310
3439
3066
2492
1991
1372
1146
965.8
1729
1963
2067
2095
2460
2462
1985
2179
2430
2513
2591
2348
2368
2899
3098
2411
1940
1628
1676
2413
2838
2877
2541
2220
1885
1773
1831
1981
2179
2460
2567
174
185.7
236.4
291.3
344.7
325.6
412.4
347.9
245.4
279.4
391.1
703
1028
762.6
520.6
693.7
645.1
373.1
260.6
305.8
386.1
325.9
261.2
359.2
639.1
973
1182
924.3
913.3
902.6
1128
1332
1602
2097
2461
2643
2516
2133
2080
2182
1987
2044
2227
2205
2296
2354
2494
2670
2933
2854
2718
2551
2240
2025
2183
2243
2158
2210
2313
2397
2283
2652
3230
3399
2872
2552
1944
1290
1026
925.8
1378
1649
1813
2156
2338
2418
2470
2647
2783
2887
2835
2546
2569
3063
2772
2333
1919
1553
1721
2374
2714
2778
2436
2128
2002
1859
1972
2098
2375
2454
2642
224.5
249.3
362.9
499.2
523.1
532.6
671.6
584.4
395.1
408.6
515.1
807.4
1324
1259
722.5
638.7
702.4
436
458.5
491.3
554.8
552.2
360.9
301.4
417
769.5
813.4
671.9
713.8
1029
1264
1449
1781
2051
2212
2233
2120
2046
1833
1965
2225
2399
2550
2659
2731
2564
2507
2630
2901
2715
2430
2366
2262
2109
2250
2145
2200
2165
2405
2566
2373
2838
3219
3103
2532
2121
1752
1196
974.2
1088
1848
1821
2057
2490
2389
2490
2942
3112
3104
3011
2808
2597
2831
3240
2597
1994
1590
1439
1886
2410
2665
2517
2098
1892
1794
2102
2200
2223
2251
2405
2631
245
330.9
319.9
531.1
601.2
572.2
625.1
555.2
443.5
562.7
720.7
869
1452
1697
1031
668.3
735.7
619.5
654
612.6
788.5
580.9
389.1
485.6
350.1
439
565.4
511.5
624.8
1071
1471
1716
2043
2232
1966
1932
1636
1710
2027
2261
2566
2788
2794
2963
3069
2845
2554
2398
2634
2795
2611
2317
2134
2208
2446
2422
2331
2393
2179
2318
2361
2822
3282
2847
2365
2162
1692
1256
1025
1207
1962
2085
2243
2167
2210
2561
3046
3235
3110
2930
2735
2645
3074
3032
2416
1909
1423
1530
2065
2623
2784
2311
1924
1665
1941
2212
2069
2202
2318
2498
2708
325
562.5
478
370.4
436.1
564.7
495.9
434
468.7
587.5
763.2
940.9
1164
1533
1282
967.5
766.3
788
887.6
801.3
907.3
665.8
588
690.6
463.8
298
380.3
357.8
593.1
1053
1476
1865
2108
1955
1564
1387
1490
1911
2283
2536
2867
2956
3051
2975
2899
2901
2502
2233
2439
2829
2571
2525
2255
2425
2769
2670
2464
2593
2355
2267
2465
2850
3227
2890
2401
2103
1934
1323
974.7
1251
1893
1835
1824
1944
2460
2901
3154
3114
3028
2790
2572
2778
3122
2614
2052
1649
1538
1960
2579
2860
2807
2439
2160
1732
1850
2012
2255
2561
2713
2828
2722
343
693.8
783.8
554.4
431.6
545.9
460.8
419.8
425.6
464.5
515.6
605.6
714.6
948.2
907.2
803.4
656.8
651.2
813.4
1016
1311
941.5
706.9
553.5
489.3
560.5
673.3
506.5
414.7
649.4
1264
1531
1689
1550
1126
1088
1489
1890
2287
2611
2682
2444
2554
2680
2717
2671
2306
2107
2528
2862
2797
2564
2423
2594
2995
2794
2735
2888
2706
2408
2554
2812
2901
2773
2560
2433
2025
1329
936.8
1336
1786
1669
1933
2050
2633
3056
3059
2915
2697
2519
2381
2893
2777
2222
1854
1582
1796
2221
2426
2637
2728
2431
2193
1774
1891
2217
2430
2586
2776
2805
2500
386
775.8
1147
1058
608.3
516.2
415
403.5
376.1
419.9
440.6
469.6
490.8
531
644
825.8
666.9
632.1
703.5
913.8
1281
904.9
629.8
754.1
736.1
821
898.4
771.9
493.9
426.7
878.2
1030
1134
1087
815.6
1157
1679
2283
2518
2538
2482
2164
2435
2846
2503
2377
1980
2100
2583
2589
2690
2786
2761
2763
3167
3034
2753
2785
2904
2580
2538
2873
3003
2966
2574
2169
1781
1283
899.2
1337
1346
1618
1647
1855
2610
2783
2748
2717
2523
2217
2355
2883
2398
1945
1575
1650
2190
2587
2652
2710
2597
2164
1895
1686
1778
2138
2346
2555
2735
2731
2445
349
623.4
1078
1188
788.5
505.7
395.6
379.5
388.7
412.6
428.9
443
510.6
690.7
778.6
762.5
592
573.4
630
840.2
1169
1001
973
1215
1210
1165
1044
953
610.3
388.5
711.5
765.2
833.1
762.1
765.5
1205
1712
2022
2189
2360
2310
2158
2638
2928
2407
2034
1876
2267
2518
2344
2559
2977
3135
3055
3162
2993
2717
2586
2718
2547
2666
2970
2950
2737
2549
2320
1813
1260
940.3
1274
1181
1377
1337
1658
2296
2623
2486
2526
2180
2026
2389
2655
2261
1784
1525
1825
2328
2621
2665
2763
2725
2432
2100
1810
1880
2239
2311
2424
2597
2632
2383
344.5
410.7
801.3
1070
918
602.3
408.6
368.8
391.5
428
471.3
524.9
715.2
732.1
640.3
603
533.1
531
648.8
803.3
1149
1218
1436
1782
1841
1585
1140
883.6
581.3
421.7
447.2
518.4
708.2
532.2
686.1
1024
1456
1753
2181
2510
2398
2029
2433
2813
2362
1864
1816
2019
2154
2322
2792
3075
3155
3070
2818
2574
2434
2513
2614
2534
2956
3052
2875
2429
2194
2024
1614
1125
989
1320
1605
1792
1745
1567
1761
2167
1884
2058
1844
2026
2474
2329
1939
1577
1750
2177
2650
2869
2742
2652
2717
2357
2203
1974
1924
2224
2284
2377
2604
2499
2264
462
327.2
698.4
1148
1087
669.6
407.6
382.7
421.9
457.1
477.7
513.4
632
677.9
573.6
477.4
505.8
505.1
596.4
670.3
820.6
970.8
1451
1937
1902
1876
1326
952.6
779.3
691.4
669.7
377.9
441
499.4
743.8
1094
1606
1819
2117
2600
2458
1902
2205
2636
2221
1750
1909
2241
2539
2598
3104
3239
3185
2989
2665
2450
2264
2253
2439
2571
3067
3193
2962
2473
2238
1987
1398
955.7
1210
1468
1881
2232
2243
2250
1782
1535
1865
2311
1871
2205
2572
2133
1615
1751
2033
2235
2785
2944
2902
2640
2619
2149
2189
1900
1810
1949
1977
2155
2366
2320
2311
438
525.2
998.8
1253
955.8
642.1
396.1
378.8
422
496.4
570.3
613.9
658.3
648.3
578.2
499.7
475.3
460.9
506.8
662
691.5
895.1
1257
1543
1834
1739
1287
1029
997
1022
870.8
397.1
344
650.1
956.1
1239
1728
2031
2126
2619
2420
1826
1926
2235
1969
1771
2175
2626
2831
3007
3370
3440
3188
2838
2700
2600
2311
2267
2648
2805
3083
3093
2662
2121
1962
1904
1400
1053
1520
1775
1831
2390
2687
2653
2279
1895
2200
2207
2024
2385
2612
2207
1683
1889
2368
2212
2522
2730
2752
2524
2468
2081
1981
1745
1841
2023
2149
2384
2482
2400
2429
334
472.7
847
848.5
767
534
395
393.7
455.1
504.1
642.9
620
618.5
615.7
599.1
511.5
465
443.5
508
694.3
608.2
813.8
1188
1670
1944
1720
1474
1420
1269
1328
951.7
582.3
402.8
832.7
1183
1403
1718
2166
2202
2410
2032
1651
1498
1860
1780
1654
2125
2697
2969
3123
3180
3006
3082
2678
2460
2243
2256
2347
2696
3091
3237
3029
2472
1883
1668
1579
1098
1147
1749
2048
2208
2498
2919
2966
2740
2572
2687
2194
2297
2698
2732
2349
1859
1700
2256
2337
2531
2535
2531
2505
2541
2225
1804
1823
2056
2281
2538
2577
2543
2631
2535
355
271.6
365.9
397.5
368.2
370.6
481.6
496.5
464.3
475
587.5
560.1
567.2
648.5
673
600.7
518.4
458.3
491.8
570.4
541.1
874.5
1381
1667
1416
1310
1690
1873
1826
1596
1376
820
336.3
551.5
853.6
1090
1363
1949
1800
1958
1543
1271
1240
1368
1591
1610
2080
2371
2663
2828
2546
2793
3074
2547
2304
2118
2178
2323
2636
3076
3035
2597
2119
1832
1805
1492
1111
1093
1602
1880
2390
2868
3294
3259
3122
3046
2906
2332
2677
3011
2664
2169
1679
1853
2360
2522
2694
2599
2472
2403
2413
2156
1799
1981
2241
2603
2608
2411
2616
2821
2668
374
271.8
215.5
231.1
265.3
399.8
773.3
918.6
737.4
564.9
574
547.6
571.1
588.2
593
565.5
525.4
503.8
417.9
445.8
609.9
1029
1324
1186
968
1291
1698
2132
2195
1623
1115
789.7
476.4
472.1
841
1143
1519
1942
1652
1616
1321
1161
1255
1243
1426
1584
1928
2158
2411
2266
2359
2857
3032
2635
2201
1952
2071
2251
2635
3013
2777
2550
2539
2275
1939
1675
1410
1126
1824
2119
2262
2850
3351
3381
3289
2954
2663
2527
2974
3023
2599
2113
1643
1974
2501
2645
2717
2787
2447
2236
2143
1963
2001
2322
2479
2645
2403
2283
2651
2983
2943
360
248.6
223.1
232.4
291.8
486.9
958.6
1247
1041
671.4
609.2
549.6
569.5
549.8
533.6
495.3
393.2
418.2
433.4
554.5
752.3
1210
1114
814.3
964.6
1244
1715
2283
2301
1739
1214
1067
760.6
426.7
846.5
1259
1730
2002
1607
1410
1231
1286
1679
1702
1657
1458
1701
2035
2076
2101
2511
2536
2736
2702
2171
1909
2098
2351
2712
3027
2922
2938
2724
2397
2176
1943
1675
1103
1657
1820
2100
2683
3071
3312
3273
3018
2615
2796
3197
2889
2344
2015
1590
2026
2392
2642
2699
2768
2595
2473
2398
2014
2043
2461
2671
2472
2184
2337
2738
3011
2870
326
262.3
281.7
272.7
374.4
528.6
995
1442
1353
825.3
708.8
553.5
617.9
542.3
497.6
385.9
324.6
380.4
504.2
621.8
843.8
889
704.1
846.1
1378
1503
1741
2211
2210
1988
1637
1353
999.5
508.3
594.1
894.3
1465
1854
1530
1148
1096
1714
1770
2073
2015
1477
1587
1716
1905
2180
2042
2350
2402
2436
2092
1823
2025
2326
2517
3021
3284
2992
2654
2579
2169
1793
1613
1118
1321
1466
1967
2339
2826
3268
3281
3207
2731
3023
3312
3021
2432
1993
1513
2109
2575
2539
2636
2851
2769
2609
2447
2114
2010
2135
2561
2295
2131
2277
2605
2782
2452
