         127.38100          42.25760
         129.59000          44.62000
           0.00000           0.45134           0.45134
           1.00000          -0.72604           0.28339
           2.00000          -1.39843          -0.25973
           3.00000          -0.48528          -0.03293
           4.00000           0.82779           0.08554
           5.00000           1.89813          -0.33433
           6.00000           2.09233          -0.33565
           7.00000           0.53007           0.15005
           8.00000          -0.98408          -0.36766
           9.00000          -0.88094          -1.03769
          10.00000          -0.11867          -0.14737
          11.00000           0.26837           0.99526
          12.00000           0.16929           0.95407
          13.00000          -0.03114           0.32611
          14.00000          -0.29521          -0.23355
          15.00000          -0.59965          -0.10100
          16.00000          -0.83338           0.28681
          17.00000          -0.74591          -0.13199
          18.00000          -0.55411           0.08468
          19.00000          -0.20543           0.83283
          20.00000           0.79870           0.89430
          21.00000           0.79616           0.61699
          22.00000          -0.92696          -0.31485
          23.00000          -2.09960          -0.73118
          24.00000          -1.10252          -0.39355
          25.00000           1.20974          -0.59828
          26.00000           2.27882          -0.58125
          27.00000           1.61335          -0.75690
          28.00000           0.48990          -1.51977
          29.00000          -0.51873          -1.04274
          30.00000          -0.44096           0.25551
          31.00000           0.39602           0.63868
          32.00000           0.76722           0.91572
          33.00000           0.11714           1.25894
          34.00000          -1.01190           0.87518
          35.00000          -0.61843           0.50669
          36.00000           0.21945          -0.28538
          37.00000           0.24819          -0.98066
          38.00000           0.16527          -0.04384
          39.00000          -1.08725           0.65400
          40.00000          -1.79403          -0.04434
          41.00000          -0.51153          -0.50008
          42.00000           0.63078          -0.15563
          43.00000           0.84159           0.35195
          44.00000           0.55788           0.86215
          45.00000           0.35674           0.50722
          46.00000           0.17746          -0.59249
          47.00000           0.30468          -0.32368
          48.00000           0.81379          -0.10803
          49.00000           0.69904          -0.84846
          50.00000           0.27120          -0.19135
          51.00000           0.02463           0.51740
          52.00000          -0.12526           0.50341
          53.00000          -0.05616           0.20964
          54.00000           0.19394          -0.33725
          55.00000           0.03471           0.30185
          56.00000          -0.37433           0.33257
          57.00000          -0.01665          -0.60032
          58.00000           0.26182          -0.67125
          59.00000           0.26517          -0.43844
          60.00000           0.25453           0.16264
          61.00000          -0.70679           0.43331
          62.00000          -1.49632          -0.17787
          63.00000          -1.32499           0.31959
          64.00000          -0.86051           0.82485
          65.00000          -0.63145          -0.62576
          66.00000          -0.46468          -0.88080
          67.00000          -0.07434          -0.04736
          68.00000          -0.11798          -0.45215
          69.00000           0.14728          -0.32177
          70.00000           0.63616          -0.24646
          71.00000           0.46264          -0.57876
          72.00000           0.42317          -0.17156
          73.00000           0.59157           0.08004
          74.00000           0.69011           0.74447
          75.00000           0.48833           1.29091
          76.00000           0.47372           0.54592
          77.00000           1.08437           0.31617
          78.00000           0.96658           0.54056
          79.00000          -0.06692          -0.26234
          80.00000          -1.10851          -1.18135
          81.00000          -1.26954          -1.24295
          82.00000          -0.33307          -0.20559
          83.00000           0.22158           0.70617
          84.00000           0.03228           0.99763
          85.00000          -0.37548           2.17659
          86.00000          -0.54711           2.19018
          87.00000           0.09036           0.40668
          88.00000           0.23894          -0.41434
          89.00000          -0.62775          -1.02536
          90.00000          -0.35591          -2.34251
          91.00000           1.22759          -2.63653
          92.00000           1.87005          -0.64860
          93.00000           1.64795           1.69426
          94.00000           1.90790           2.68223
          95.00000           1.29067           3.30476
          96.00000          -1.00874           2.82501
          97.00000          -2.58183           0.56732
          98.00000          -2.42295          -2.70729
          99.00000          -1.67081          -5.26051
         100.00000          -0.92870          -5.28788
         101.00000          -0.99410          -4.73152
         102.00000          -2.10658          -3.69689
         103.00000          -2.52870          -0.31749
         104.00000          -1.25778           3.08023
         105.00000           1.17136           4.91626
         106.00000           3.82651           5.69763
         107.00000           4.47418           4.78499
         108.00000           2.73081           1.64238
         109.00000           1.02404          -1.66101
         110.00000           0.39858          -1.13811
         111.00000           0.40657           0.30032
         112.00000           0.17008          -1.49268
         113.00000          -0.50114          -2.17794
         114.00000          -1.13536          -0.32406
         115.00000          -1.78989           0.21018
         116.00000          -1.84318          -1.16620
         117.00000          -1.68878          -0.33975
         118.00000          -1.48348           0.92055
         119.00000          -0.34292          -1.25006
         120.00000           0.25725          -0.74303
         121.00000           0.38872           1.20728
         122.00000           1.20362          -0.20391
         123.00000           1.18637          -0.25442
         124.00000           0.42458           0.92522
         125.00000           0.75740           0.73001
         126.00000           1.11824          -0.06522
         127.00000           0.00523          -0.64583
         128.00000          -0.70978           0.22960
         129.00000           0.01363           0.23777
         130.00000           0.37904          -0.47991
         131.00000           0.20967           0.52164
         132.00000          -0.04349           0.25941
         133.00000          -0.69267          -0.30324
         134.00000          -0.65166           0.06777
         135.00000          -0.57657          -0.49248
         136.00000          -0.76605          -0.42330
         137.00000          -0.00421          -0.04625
         138.00000           0.46925           0.29325
         139.00000           0.22114           0.87262
         140.00000          -0.08735           0.76226
         141.00000          -0.20539           0.72185
         142.00000          -0.23005           0.66557
         143.00000          -0.20896          -0.02538
         144.00000           0.19532          -0.34809
         145.00000           0.46592          -0.46648
         146.00000           0.56340          -1.10474
         147.00000           0.58054          -1.12461
         148.00000           0.21601          -0.42994
         149.00000          -0.26608           0.12401
         150.00000          -0.22421           0.41565
         151.00000          -0.12414           0.53988
         152.00000          -0.40996           0.40728
         153.00000          -0.16638          -0.28843
         154.00000          -0.01750          -0.89391
         155.00000          -0.27507          -0.55606
         156.00000          -0.07687           0.15796
         157.00000           0.30364           0.22262
         158.00000           0.47019           0.34828
         159.00000           0.30062           0.62851
         160.00000          -0.18848           0.30341
         161.00000          -0.47266           0.16550
         162.00000          -0.07845           0.01108
         163.00000           0.15557          -0.37939
         164.00000           0.13558          -0.47045
         165.00000           0.28286          -0.75342
         166.00000           0.09053          -0.56409
         167.00000           0.15017           0.36382
         168.00000           0.30301           0.57367
         169.00000          -0.24341           0.44724
         170.00000          -0.53508           0.56437
         171.00000          -0.24752           0.31620
         172.00000          -0.03094          -0.17822
         173.00000           0.26038          -0.29134
         174.00000           0.45594           0.00543
         175.00000           0.34562          -0.20174
         176.00000           0.37475          -0.16887
         177.00000           0.39410           0.24689
         178.00000          -0.04451          -0.06235
         179.00000          -0.67314           0.30999
         180.00000          -0.73245           0.54656
         181.00000          -0.41304          -0.42776
         182.00000          -0.32525          -0.42725
         183.00000          -0.22435           0.00739
         184.00000           0.06578          -0.37924
         185.00000           0.17647          -0.46198
         186.00000          -0.19643           0.16873
         187.00000          -0.29034           0.66023
         188.00000           0.19770           0.49743
         189.00000           0.28881           0.30217
         190.00000           0.06811           0.35138
         191.00000           0.24431           0.03868
         192.00000           0.40228          -0.34601
         193.00000           0.02406          -0.43477
         194.00000          -0.13353          -0.52714
         195.00000           0.18406          -0.43066
         196.00000           0.14620           0.03316
         197.00000           0.04826           0.21047
         198.00000           0.10763          -0.27564
         199.00000          -0.23466          -0.27253
         200.00000          -0.29090           0.25488
         201.00000           0.03670           0.09906
         202.00000           0.01240           0.00297
         203.00000           0.08265           0.20588
         204.00000           0.11648           0.14990
         205.00000          -0.07127           0.10722
         206.00000          -0.01845          -0.03797
         207.00000          -0.12455           0.03400
         208.00000          -0.36907           0.13557
         209.00000          -0.17072          -0.07529
         210.00000           0.35873          -0.04921
         211.00000           0.47998           0.02060
         212.00000           0.02519          -0.01947
         213.00000          -0.04320          -0.03897
         214.00000           0.01491           0.12927
         215.00000          -0.30684           0.27648
         216.00000           0.03212          -0.08280
         217.00000           0.32396          -0.18975
         218.00000          -0.25055           0.13667
         219.00000          -0.32192           0.02474
         220.00000          -0.12076          -0.11729
         221.00000          -0.13686           0.12815
         222.00000           0.18728          -0.02182
         223.00000           0.27792          -0.22331
         224.00000           0.23041          -0.11472
         225.00000           0.42552          -0.09942
         226.00000           0.22101           0.20509
         227.00000          -0.06311           0.38829
         228.00000          -0.08070           0.13997
         229.00000          -0.18567          -0.03914
         230.00000          -0.29413           0.06235
         231.00000          -0.51819           0.14452
         232.00000          -0.47304          -0.05545
         233.00000          -0.03178          -0.03680
         234.00000           0.17479          -0.11803
         235.00000           0.22188          -0.39672
         236.00000           0.18038          -0.18861
         237.00000           0.11727          -0.04418
         238.00000           0.09531          -0.12883
         239.00000           0.27607          -0.18745
         240.00000           0.53374          -0.21837
         241.00000           0.17516           0.13547
         242.00000          -0.26067           0.17228
         243.00000          -0.15423          -0.03918
         244.00000          -0.16713          -0.13101
         245.00000          -0.38258          -0.37032
         246.00000          -0.21912          -0.14996
         247.00000          -0.00442          -0.02982
         248.00000          -0.06831          -0.09261
         249.00000          -0.12410           0.16845
         250.00000          -0.06856           0.35254
         251.00000           0.07570           0.51130
         252.00000           0.22570           0.45848
         253.00000           0.15001           0.18367
         254.00000          -0.02874           0.02585
         255.00000           0.07119          -0.07223
         256.00000          -0.00938          -0.36384
         257.00000          -0.29950          -0.36474
         258.00000          -0.26825           0.12476
         259.00000          -0.06509           0.44452
         260.00000           0.25130           0.53954
         261.00000           0.33740           0.39125
         262.00000           0.05909           0.10019
         263.00000          -0.00448          -0.12957
         264.00000           0.06545          -0.30831
         265.00000          -0.21151          -0.58644
         266.00000          -0.20620          -0.54307
         267.00000           0.24399          -0.24722
         268.00000           0.12129          -0.49922
         269.00000          -0.05521          -0.11819
         270.00000           0.21326           0.65378
         271.00000           0.25978           0.50653
         272.00000           0.08778           0.32163
         273.00000          -0.06574           0.24849
         274.00000          -0.13421           0.05900
         275.00000           0.04045          -0.05954
         276.00000           0.22069          -0.25077
         277.00000          -0.11625          -0.34897
         278.00000          -0.27862          -0.08797
         279.00000          -0.07275           0.20429
         280.00000          -0.18594           0.28496
         281.00000          -0.15658           0.28804
         282.00000           0.00638           0.08606
         283.00000           0.10874           0.05779
         284.00000           0.20756           0.06842
         285.00000           0.20221          -0.37996
         286.00000           0.12269          -0.72986
         287.00000          -0.20524          -0.63361
         288.00000          -0.34681          -0.19353
         289.00000          -0.13751           0.08675
         290.00000           0.03405           0.22417
         291.00000           0.08847           0.46243
         292.00000           0.13560           0.07768
         293.00000           0.14542          -0.30317
         294.00000          -0.12422          -0.11046
         295.00000          -0.00467          -0.13060
         296.00000           0.27654          -0.14026
         297.00000          -0.22183           0.04726
         298.00000          -0.30072           0.23335
         299.00000           0.13367           0.38592
         300.00000           0.10058           0.15227
         301.00000           0.11742          -0.29575
         302.00000           0.13708          -0.15197
         303.00000           0.04918           0.19014
         304.00000          -0.13427           0.09064
         305.00000          -0.32059           0.12349
         306.00000          -0.18783           0.14723
         307.00000          -0.24841           0.19698
         308.00000          -0.13823           0.35869
         309.00000           0.20691           0.11520
         310.00000           0.09069          -0.26937
         311.00000           0.12335          -0.37601
         312.00000           0.25351          -0.00993
         313.00000           0.08653           0.23275
         314.00000           0.04105           0.14669
         315.00000          -0.03264          -0.00355
         316.00000          -0.27020          -0.31072
         317.00000          -0.35960          -0.14299
         318.00000           0.09172           0.25274
         319.00000           0.50322           0.00721
         320.00000           0.29070          -0.19540
         321.00000           0.23184           0.10171
         322.00000           0.11024           0.26814
         323.00000          -0.27381           0.19472
         324.00000          -0.36501          -0.11454
         325.00000          -0.25274          -0.38626
         326.00000          -0.06239          -0.10099
         327.00000          -0.01278          -0.00827
         328.00000           0.17762          -0.31403
         329.00000           0.41480          -0.10546
         330.00000           0.39977           0.19736
         331.00000           0.43688           0.22484
         332.00000          -0.01912           0.27740
         333.00000          -0.53698           0.18289
         334.00000          -0.42193           0.08964
         335.00000          -0.29134          -0.03588
         336.00000          -0.16689          -0.30989
         337.00000          -0.05838          -0.50429
         338.00000           0.20092          -0.39279
         339.00000           0.45622          -0.12977
         340.00000           0.15876          -0.01831
         341.00000           0.04162           0.27207
         342.00000           0.14330           0.38591
         343.00000          -0.11918           0.08625
         344.00000          -0.24022          -0.03546
         345.00000          -0.18811          -0.07633
         346.00000          -0.39576          -0.05443
         347.00000          -0.30936           0.06221
         348.00000          -0.00140           0.15185
         349.00000          -0.04087           0.11362
         350.00000           0.11492          -0.06792
         351.00000           0.23147           0.05007
         352.00000           0.10105           0.13894
         353.00000           0.33428          -0.23426
         354.00000           0.32286          -0.28041
         355.00000          -0.04987          -0.05480
         356.00000          -0.21126          -0.10547
         357.00000          -0.46213           0.10102
         358.00000          -0.51357           0.39267
         359.00000          -0.04664           0.19960
         360.00000           0.42832          -0.11919
         361.00000           0.50364          -0.14981
         362.00000           0.07697          -0.07340
         363.00000          -0.07125          -0.01503
         364.00000           0.16060           0.08742
         365.00000          -0.17651           0.18348
         366.00000          -0.26346           0.13154
         367.00000           0.15663          -0.04789
         368.00000           0.07248          -0.02576
         369.00000           0.03620           0.01274
         370.00000           0.04029          -0.07610
         371.00000          -0.00471          -0.09687
         372.00000           0.33444           0.02010
         373.00000           0.19387          -0.04189
         374.00000          -0.19954          -0.14276
         375.00000          -0.00757           0.30519
         376.00000          -0.03412           0.25549
         377.00000          -0.36637          -0.22839
         378.00000          -0.26190           0.05904
         379.00000          -0.09042           0.07277
         380.00000          -0.07677          -0.35483
         381.00000           0.05257          -0.09139
         382.00000           0.22719           0.24518
         383.00000           0.10028           0.11647
         384.00000          -0.07809           0.02352
         385.00000           0.07296           0.12278
         386.00000          -0.00140           0.21183
         387.00000          -0.10228          -0.00999
         388.00000           0.09637          -0.16188
         389.00000           0.20111          -0.16772
         390.00000           0.40554          -0.26351
         391.00000           0.38272          -0.19593
         392.00000          -0.15725          -0.27133
         393.00000          -0.44465          -0.24523
         394.00000          -0.20038          -0.08302
         395.00000          -0.04327          -0.14849
         396.00000          -0.29548           0.08349
         397.00000          -0.19096           0.34708
         398.00000           0.16903           0.28530
         399.00000           0.13693           0.17236
         400.00000           0.12390          -0.18123
         401.00000           0.13467          -0.29916
         402.00000           0.07100           0.08531
         403.00000          -0.07496           0.09168
         404.00000          -0.28894          -0.00306
         405.00000          -0.25532           0.47371
         406.00000           0.01172           0.62671
         407.00000           0.13623          -0.05183
         408.00000          -0.05951          -0.26434
         409.00000           0.03950          -0.07122
         410.00000           0.14600          -0.37529
         411.00000          -0.21728          -0.42897
         412.00000          -0.11695          -0.10566
         413.00000           0.23153           0.14312
         414.00000           0.16613           0.25911
         415.00000           0.05541           0.34407
         416.00000           0.05358           0.41717
         417.00000           0.02361           0.18065
         418.00000          -0.08477          -0.09336
         419.00000          -0.06802          -0.15482
         420.00000           0.04378          -0.33296
         421.00000           0.06725          -0.41363
         422.00000           0.06041          -0.14970
         423.00000           0.20271          -0.05486
         424.00000           0.09109           0.00980
         425.00000          -0.24881           0.33959
         426.00000           0.08977           0.45561
         427.00000           0.01514           0.29934
         428.00000          -0.57532           0.06204
         429.00000          -0.02267          -0.35070
         430.00000           0.36165          -0.50842
         431.00000          -0.11796          -0.21895
         432.00000          -0.08897          -0.15451
         433.00000           0.11324          -0.05029
         434.00000           0.03033           0.42391
         435.00000           0.09432           0.51385
         436.00000           0.22763           0.10543
         437.00000           0.10776          -0.14122
         438.00000          -0.19812          -0.12416
         439.00000          -0.24782          -0.26912
         440.00000          -0.18261          -0.41281
         441.00000          -0.12027          -0.22879
         442.00000           0.10720          -0.01246
         443.00000           0.00368           0.09392
         444.00000          -0.05428           0.20002
         445.00000           0.20664           0.19326
         446.00000           0.13899           0.14669
         447.00000           0.17685           0.21664
         448.00000           0.21969           0.05039
         449.00000          -0.04052          -0.15939
         450.00000           0.05959          -0.03726
         451.00000           0.06924          -0.13719
         452.00000          -0.17759          -0.10150
         453.00000           0.07468           0.15776
         454.00000           0.17485           0.00165
         455.00000          -0.20653           0.04331
         456.00000          -0.13452           0.25010
         457.00000          -0.01043           0.14431
         458.00000          -0.13312          -0.07682
         459.00000          -0.15029          -0.19924
         460.00000          -0.24622          -0.11062
         461.00000          -0.17064          -0.12523
         462.00000          -0.13968          -0.26138
         463.00000          -0.10450          -0.05881
         464.00000          -0.00337           0.25079
         465.00000          -0.01538           0.22843
         466.00000           0.13006           0.20139
         467.00000           0.02896           0.15546
         468.00000           0.12686           0.00048
         469.00000           0.47996          -0.08704
         470.00000           0.30481          -0.20844
         471.00000          -0.00885          -0.23386
         472.00000          -0.21180          -0.26839
         473.00000          -0.23972          -0.10624
         474.00000          -0.12056           0.28566
         475.00000          -0.21113           0.23232
         476.00000          -0.23520           0.20055
         477.00000           0.19072           0.28853
         478.00000           0.39321          -0.25548
         479.00000           0.18719          -0.38579
         480.00000           0.17289           0.20027
         481.00000          -0.00118           0.06396
         482.00000          -0.20112          -0.21067
         483.00000           0.07257           0.12045
         484.00000           0.16029           0.18744
         485.00000          -0.02172          -0.04458
         486.00000           0.16690          -0.14368
         487.00000           0.21598          -0.13578
         488.00000          -0.00231           0.03029
         489.00000           0.01714           0.05728
         490.00000          -0.14530          -0.04156
         491.00000          -0.12608           0.00764
         492.00000           0.15028          -0.17878
         493.00000          -0.10598          -0.20617
         494.00000          -0.26168           0.11351
         495.00000          -0.07145           0.19220
         496.00000          -0.16142           0.14661
         497.00000          -0.19158           0.20141
         498.00000           0.11243           0.06629
         499.00000           0.06758          -0.37292
         500.00000          -0.35418          -0.27895
         501.00000          -0.18941           0.07414
         502.00000           0.14755          -0.15870
         503.00000          -0.10177           0.00674
         504.00000          -0.10636           0.50645
         505.00000           0.12255           0.34089
         506.00000           0.16050           0.22273
         507.00000           0.38743           0.21148
         508.00000           0.15628          -0.18930
         509.00000          -0.22369          -0.36076
         510.00000           0.00978          -0.22389
         511.00000           0.03417          -0.19653
         512.00000           0.04559          -0.21510
         513.00000           0.10282           0.03986
         514.00000          -0.07664           0.12506
         515.00000           0.01342          -0.09353
         516.00000          -0.08782           0.11545
         517.00000          -0.29504           0.14251
         518.00000          -0.12013          -0.08811
         519.00000          -0.02836          -0.07451
         520.00000           0.14224          -0.17086
         521.00000           0.37859           0.06454
         522.00000           0.24584           0.29966
         523.00000           0.18620           0.16499
         524.00000           0.15755           0.21625
         525.00000          -0.15438           0.24649
         526.00000          -0.14074           0.13120
         527.00000           0.03039          -0.24028
         528.00000          -0.22351          -0.39137
         529.00000          -0.13080          -0.07599
         530.00000           0.20418          -0.28327
         531.00000          -0.00827          -0.33622
         532.00000          -0.17258           0.11586
         533.00000          -0.18105           0.20249
         534.00000          -0.19299           0.32038
         535.00000          -0.15036           0.10610
         536.00000          -0.18805          -0.25552
         537.00000          -0.12902          -0.09924
         538.00000           0.01272          -0.20575
         539.00000           0.36672          -0.33206
         540.00000           0.42831           0.00789
         541.00000           0.00460           0.38780
         542.00000           0.12078           0.39255
         543.00000           0.41978           0.24035
         544.00000           0.18192           0.09789
         545.00000          -0.14038          -0.12669
         546.00000          -0.16259          -0.09609
         547.00000           0.09826          -0.07002
         548.00000           0.12256          -0.20934
         549.00000          -0.03714          -0.13832
         550.00000           0.04093           0.09229
         551.00000          -0.18079           0.12483
         552.00000          -0.44221           0.16486
         553.00000          -0.21321           0.20711
         554.00000          -0.09308          -0.17658
         555.00000          -0.30002          -0.17168
         556.00000          -0.22829           0.06736
         557.00000           0.10852          -0.17548
         558.00000           0.02974          -0.08432
         559.00000          -0.02228           0.16827
         560.00000           0.15050           0.09435
         561.00000           0.14893           0.07355
         562.00000           0.10986           0.09651
         563.00000          -0.07486           0.00298
         564.00000          -0.10282          -0.06597
         565.00000           0.02875          -0.11763
         566.00000          -0.01055          -0.21464
         567.00000           0.00526          -0.02715
         568.00000           0.16396           0.15025
         569.00000           0.41224           0.00731
         570.00000           0.37487          -0.12891
         571.00000           0.02623          -0.16046
         572.00000          -0.09271           0.04537
         573.00000           0.00533           0.14978
         574.00000          -0.03508          -0.03857
         575.00000          -0.10497           0.04917
         576.00000           0.07822           0.07629
         577.00000           0.15622          -0.11751
         578.00000          -0.02435          -0.01466
         579.00000          -0.01075           0.03434
         580.00000          -0.16666           0.01995
         581.00000          -0.29404           0.17058
         582.00000           0.04887           0.25684
         583.00000          -0.03211           0.23615
         584.00000          -0.04743          -0.03597
         585.00000           0.17729          -0.19182
         586.00000          -0.13775          -0.02478
         587.00000          -0.05509          -0.20911
         588.00000           0.13288          -0.41381
         589.00000          -0.10806          -0.11573
         590.00000           0.07018           0.06035
         591.00000           0.02910          -0.14244
         592.00000          -0.30223          -0.12561
         593.00000          -0.20394           0.24405
         594.00000          -0.20699           0.14690
         595.00000          -0.15114          -0.16968
         596.00000           0.04685           0.10760
         597.00000           0.13707           0.19127
         598.00000           0.27107           0.05942
         599.00000           0.06673           0.29127
         600.00000          -0.00460           0.28985
         601.00000           0.17106           0.14645
         602.00000          -0.14570           0.02236
         603.00000          -0.23722          -0.15641
         604.00000           0.14229          -0.22481
         605.00000           0.19280          -0.14190
         606.00000           0.09339           0.02154
         607.00000           0.09635          -0.14977
         608.00000          -0.05062          -0.17543
         609.00000          -0.33163          -0.07511
         610.00000          -0.35381          -0.11047
         611.00000           0.07290           0.07169
         612.00000           0.25218          -0.09330
         613.00000           0.11471          -0.15226
         614.00000           0.06904           0.17333
         615.00000          -0.08563           0.12057
         616.00000           0.09462          -0.05577
         617.00000           0.41112          -0.05352
         618.00000           0.17753           0.05819
         619.00000           0.04144           0.07010
         620.00000           0.26794          -0.03097
         621.00000           0.20824           0.07194
         622.00000           0.03716           0.21678
         623.00000          -0.00083           0.12876
         624.00000          -0.16356           0.05775
         625.00000          -0.12908           0.08297
         626.00000          -0.03915          -0.06118
         627.00000          -0.14225          -0.18464
         628.00000          -0.19004          -0.10144
         629.00000          -0.37476           0.08506
         630.00000          -0.32565           0.16632
         631.00000           0.00787           0.00050
         632.00000          -0.06467           0.01827
         633.00000          -0.02936           0.06982
         634.00000           0.21291          -0.10550
         635.00000          -0.02064          -0.19619
         636.00000          -0.14343          -0.22821
         637.00000           0.13240           0.07967
         638.00000           0.06957           0.25083
         639.00000          -0.03175           0.00597
         640.00000           0.06657           0.11307
         641.00000          -0.11504          -0.05769
         642.00000          -0.26528          -0.34923
         643.00000          -0.31009          -0.14455
         644.00000          -0.30613          -0.11012
         645.00000          -0.07777           0.05132
         646.00000           0.18624           0.21792
         647.00000           0.35099           0.03822
         648.00000           0.40472           0.12911
         649.00000           0.36071           0.23229
         650.00000           0.15380           0.09277
         651.00000           0.01062           0.00363
         652.00000           0.01445          -0.14837
         653.00000           0.08727          -0.37740
         654.00000           0.17476          -0.48686
         655.00000          -0.03405          -0.28524
         656.00000          -0.07649           0.15747
         657.00000           0.13629           0.35957
         658.00000          -0.01722           0.04870
         659.00000          -0.20137          -0.10943
         660.00000          -0.14400           0.30547
         661.00000          -0.14037           0.36716
         662.00000          -0.11919           0.02304
         663.00000           0.04933          -0.03135
         664.00000           0.05979          -0.01159
         665.00000          -0.08043          -0.06277
         666.00000          -0.04585          -0.02429
         667.00000           0.04877           0.02312
         668.00000          -0.04913          -0.04017
         669.00000          -0.07876           0.04175
         670.00000           0.15586           0.01502
         671.00000           0.12031          -0.19603
         672.00000          -0.01601          -0.08550
         673.00000           0.06027          -0.01834
         674.00000          -0.09539           0.06283
         675.00000          -0.14209           0.16200
         676.00000           0.02557          -0.03727
         677.00000          -0.01176          -0.09090
         678.00000          -0.16026           0.04614
         679.00000          -0.19953           0.02164
         680.00000           0.11576          -0.14682
         681.00000           0.25676          -0.01510
         682.00000           0.17651           0.30060
         683.00000           0.21582           0.17772
         684.00000          -0.23951          -0.10806
         685.00000          -0.47213           0.08503
         686.00000           0.01828           0.12572
         687.00000           0.33095          -0.09155
         688.00000           0.30506           0.11843
         689.00000           0.11202           0.01660
         690.00000           0.04920          -0.21199
         691.00000           0.05527          -0.18806
         692.00000          -0.07376          -0.27101
         693.00000          -0.16110           0.03989
         694.00000          -0.21103           0.11128
         695.00000          -0.12208          -0.02011
         696.00000          -0.06624           0.29302
         697.00000          -0.09038           0.17493
         698.00000           0.06143          -0.07937
         699.00000           0.07651           0.00441
         700.00000           0.03914          -0.08162
         701.00000           0.07359          -0.27653
         702.00000          -0.09775          -0.20690
         703.00000          -0.04922          -0.01521
         704.00000           0.00093          -0.09170
         705.00000          -0.12082          -0.09507
         706.00000           0.07366           0.08434
         707.00000           0.01890           0.02522
         708.00000          -0.23891          -0.18790
         709.00000          -0.14506          -0.25337
         710.00000           0.10503           0.00150
         711.00000           0.13477           0.39103
         712.00000          -0.15264           0.33524
         713.00000          -0.09715          -0.03392
         714.00000           0.32204          -0.02749
         715.00000           0.23377           0.05899
         716.00000          -0.05651          -0.03833
         717.00000           0.14627          -0.10783
         718.00000           0.14597          -0.05372
         719.00000          -0.17908           0.11967
         720.00000          -0.06025           0.12450
         721.00000          -0.07031           0.22530
         722.00000          -0.24357           0.27129
         723.00000           0.21627          -0.09552
         724.00000           0.27790          -0.24727
         725.00000          -0.06088           0.02410
         726.00000           0.15303           0.11167
         727.00000           0.09629          -0.08838
         728.00000           0.02829           0.00113
         729.00000           0.11310           0.02878
         730.00000          -0.18502          -0.14264
         731.00000          -0.10225           0.06910
         732.00000          -0.03495           0.17572
         733.00000          -0.30215          -0.05918
         734.00000          -0.07437          -0.14508
         735.00000           0.14218          -0.06554
         736.00000          -0.03607          -0.05610
         737.00000           0.01974          -0.08248
         738.00000           0.18851          -0.10179
         739.00000          -0.01955          -0.15508
         740.00000          -0.07568          -0.03849
         741.00000           0.24790           0.17645
         742.00000           0.14695           0.19008
         743.00000          -0.03996           0.20666
         744.00000           0.07291           0.10046
         745.00000           0.12236          -0.17397
         746.00000           0.02534          -0.04654
         747.00000          -0.39584          -0.00051
         748.00000          -0.43213          -0.12850
         749.00000          -0.02332           0.18273
         750.00000          -0.00774           0.32387
         751.00000           0.06502          -0.11679
         752.00000           0.26075          -0.30270
         753.00000           0.00219           0.01566
         754.00000          -0.28781           0.03634
         755.00000          -0.31441          -0.06543
         756.00000          -0.27233           0.00177
         757.00000           0.02779          -0.08230
         758.00000           0.11260          -0.10947
         759.00000          -0.03338           0.05217
         760.00000           0.09765           0.00406
         761.00000          -0.01175          -0.13158
         762.00000           0.05578           0.08928
         763.00000           0.31538           0.14416
         764.00000          -0.00780           0.04818
         765.00000          -0.13771           0.08557
         766.00000          -0.01726          -0.02432
         767.00000          -0.07929          -0.04811
         768.00000           0.13242          -0.05868
         769.00000           0.31649          -0.11278
         770.00000           0.04468           0.00224
         771.00000          -0.01621          -0.02436
         772.00000           0.23659          -0.24940
         773.00000           0.08929          -0.15274
         774.00000          -0.01334           0.12928
         775.00000           0.03124           0.06360
         776.00000           0.05937          -0.10712
         777.00000           0.19342          -0.00760
         778.00000          -0.09834           0.17393
         779.00000          -0.17332           0.08201
         780.00000           0.16289          -0.03353
         781.00000           0.08959           0.05965
         782.00000          -0.03839           0.23183
         783.00000           0.03563           0.29718
         784.00000          -0.00910           0.13152
         785.00000          -0.06745           0.05644
         786.00000          -0.09631           0.09725
         787.00000          -0.16887           0.11355
         788.00000          -0.14134          -0.06366
         789.00000          -0.15739          -0.23962
         790.00000          -0.15574          -0.08166
         791.00000          -0.05672          -0.08456
         792.00000          -0.06624          -0.13568
         793.00000          -0.00105          -0.10840
         794.00000           0.06334          -0.28386
         795.00000           0.01800          -0.11580
         796.00000           0.16119           0.03560
         797.00000           0.11678          -0.21874
         798.00000          -0.04417           0.04983
         799.00000           0.19278           0.22314
         800.00000           0.09754          -0.00154
         801.00000          -0.23313           0.18806
         802.00000          -0.19028           0.18197
         803.00000          -0.25451           0.06473
         804.00000          -0.39630           0.08561
         805.00000          -0.20998          -0.05169
         806.00000           0.16484          -0.09200
         807.00000           0.24391          -0.12930
         808.00000           0.10018          -0.12223
         809.00000           0.08631           0.05072
         810.00000           0.12370           0.15254
         811.00000           0.02195          -0.00585
         812.00000          -0.04582          -0.10102
         813.00000           0.15814           0.15165
         814.00000           0.07224           0.15774
         815.00000           0.01566          -0.07705
         816.00000           0.43136           0.04841
         817.00000           0.33017           0.17709
         818.00000          -0.01061           0.04807
         819.00000           0.02681           0.02032
         820.00000          -0.06894          -0.08886
         821.00000          -0.07783          -0.25446
         822.00000           0.06074          -0.01399
         823.00000          -0.11772           0.27197
         824.00000          -0.18520           0.15333
         825.00000          -0.04489          -0.10056
         826.00000          -0.19277          -0.22934
         827.00000          -0.14308          -0.30839
         828.00000           0.19336          -0.28927
         829.00000           0.01661          -0.16245
         830.00000          -0.28528          -0.09885
         831.00000          -0.21611          -0.08762
         832.00000          -0.11538           0.02815
         833.00000          -0.02292           0.14461
         834.00000           0.02650           0.18253
         835.00000           0.05996           0.24699
         836.00000           0.07839           0.07046
         837.00000          -0.00005          -0.17348
         838.00000           0.05475          -0.14830
         839.00000           0.09555           0.00730
         840.00000           0.02641           0.05222
         841.00000           0.03793          -0.09343
         842.00000          -0.04758          -0.04633
         843.00000          -0.17303           0.09947
         844.00000           0.07314           0.04992
         845.00000           0.30073          -0.03962
         846.00000           0.10054           0.05852
         847.00000           0.09465           0.12538
         848.00000           0.15258           0.03476
         849.00000          -0.00926           0.33453
         850.00000           0.10348           0.33148
         851.00000           0.09659          -0.07977
         852.00000          -0.10524           0.13914
         853.00000           0.16428           0.19150
         854.00000           0.18183          -0.15554
         855.00000          -0.21295          -0.09433
         856.00000          -0.20255           0.03268
         857.00000          -0.38015          -0.18601
         858.00000          -0.33698          -0.20050
         859.00000           0.12094           0.05441
         860.00000          -0.01824           0.03303
         861.00000           0.02937           0.06295
         862.00000           0.13413           0.15989
         863.00000          -0.14593           0.07178
         864.00000          -0.16494          -0.04814
         865.00000          -0.23121          -0.23179
         866.00000          -0.10602          -0.21637
         867.00000           0.24194          -0.03349
         868.00000           0.22055           0.01874
         869.00000           0.04146           0.07439
         870.00000          -0.07333          -0.00688
         871.00000          -0.01907          -0.02528
         872.00000          -0.01577           0.19206
         873.00000          -0.23336          -0.04948
         874.00000          -0.18929          -0.39124
         875.00000           0.05008          -0.22129
         876.00000           0.07347          -0.01853
         877.00000           0.07609           0.07569
         878.00000           0.18664          -0.00429
         879.00000           0.34345          -0.17657
         880.00000           0.25925          -0.14891
         881.00000           0.13076          -0.01705
         882.00000           0.38108           0.25444
         883.00000           0.24749           0.28272
         884.00000          -0.19283          -0.01854
         885.00000          -0.09386           0.04218
         886.00000           0.03960           0.29370
         887.00000          -0.05195           0.03580
         888.00000           0.01867          -0.32244
         889.00000          -0.14528          -0.02739
         890.00000          -0.37119          -0.09110
         891.00000          -0.19085          -0.57152
         892.00000          -0.19978          -0.12404
         893.00000          -0.18064           0.19023
         894.00000           0.12388           0.02093
         895.00000           0.05979           0.29357
         896.00000          -0.16083           0.26216
         897.00000          -0.13055           0.10389
         898.00000           0.06283           0.26271
         899.00000           0.21227           0.11660
         900.00000           0.16884           0.03953
         901.00000          -0.02917           0.14424
         902.00000          -0.06499          -0.01057
         903.00000           0.03398          -0.12593
         904.00000          -0.17531          -0.12625
         905.00000          -0.10287           0.00071
         906.00000           0.09833           0.13779
         907.00000          -0.11097          -0.01554
         908.00000           0.01164          -0.02722
         909.00000           0.10061           0.00621
         910.00000           0.09375          -0.12658
         911.00000           0.30030           0.06951
         912.00000           0.12315           0.15722
         913.00000          -0.02537          -0.03224
         914.00000          -0.02777           0.00694
         915.00000          -0.13232          -0.03446
         916.00000          -0.06325          -0.08982
         917.00000           0.14834           0.03726
         918.00000           0.10329          -0.04901
         919.00000          -0.19873          -0.18232
         920.00000          -0.16278          -0.13591
         921.00000          -0.01335          -0.02019
         922.00000           0.12060           0.10934
         923.00000           0.19685           0.06417
         924.00000          -0.13279          -0.08693
         925.00000          -0.19584          -0.16522
         926.00000           0.10593          -0.12205
         927.00000           0.05304          -0.11610
         928.00000          -0.06024          -0.26884
         929.00000           0.05705          -0.17279
         930.00000          -0.23462           0.15543
         931.00000          -0.45318           0.30226
         932.00000           0.05156           0.24723
         933.00000           0.22139           0.13128
         934.00000          -0.10837          -0.11214
         935.00000          -0.03475          -0.31147
         936.00000           0.23247          -0.11798
         937.00000           0.08363          -0.06972
         938.00000          -0.08894          -0.13574
         939.00000           0.24994           0.14352
         940.00000           0.51927           0.26322
         941.00000           0.21011           0.28200
         942.00000          -0.07478           0.20557
         943.00000          -0.04691           0.04295
         944.00000          -0.03951           0.17770
         945.00000           0.02321           0.07302
         946.00000           0.09953          -0.07859
         947.00000          -0.03158           0.16140
         948.00000          -0.22459           0.06514
         949.00000          -0.20614          -0.17986
         950.00000          -0.16895          -0.12917
         951.00000          -0.37175          -0.23862
         952.00000          -0.32973          -0.22767
         953.00000           0.09495          -0.01913
         954.00000           0.25683          -0.01799
         955.00000           0.20284           0.04574
         956.00000           0.22116           0.09749
         957.00000          -0.02100           0.08464
         958.00000          -0.12021           0.21298
         959.00000           0.12539           0.07883
         960.00000           0.04475          -0.19633
         961.00000          -0.15661          -0.03866
         962.00000          -0.07874           0.04050
         963.00000          -0.02711          -0.09198
         964.00000          -0.12987          -0.02238
         965.00000          -0.05159          -0.06024
         966.00000           0.09631          -0.04298
         967.00000           0.00451           0.05033
         968.00000          -0.02698           0.05988
         969.00000           0.04584           0.18309
         970.00000           0.00538          -0.17829
         971.00000           0.00850          -0.41149
         972.00000           0.00558           0.09683
         973.00000           0.01580           0.13868
         974.00000           0.19823           0.12308
         975.00000           0.29007           0.21403
         976.00000           0.08849          -0.13538
         977.00000          -0.09981          -0.02589
         978.00000          -0.16433           0.18101
         979.00000          -0.25862          -0.09586
         980.00000          -0.11443          -0.23670
         981.00000          -0.09655          -0.08822
         982.00000          -0.08355           0.14168
         983.00000           0.21597           0.11336
         984.00000           0.10909          -0.19170
         985.00000           0.02636          -0.14297
         986.00000           0.07340           0.09915
         987.00000           0.01464           0.03513
         988.00000          -0.01301           0.00475
         989.00000          -0.05100           0.05417
         990.00000           0.09758           0.09205
         991.00000           0.04896          -0.00432
         992.00000           0.03955          -0.12819
         993.00000           0.27319           0.10190
         994.00000           0.11123           0.15171
         995.00000          -0.05860           0.03473
         996.00000          -0.01287           0.05448
         997.00000          -0.17298          -0.02623
         998.00000          -0.24582           0.05615
         999.00000          -0.15620           0.06183
        1000.00000          -0.03960          -0.17617
        1001.00000           0.00971          -0.26383
        1002.00000          -0.03061          -0.09819
        1003.00000           0.17727           0.15844
        1004.00000           0.18132          -0.00807
        1005.00000           0.01232          -0.03086
        1006.00000          -0.00125           0.25086
        1007.00000          -0.16122           0.09146
        1008.00000          -0.23772           0.13987
        1009.00000          -0.17579           0.21686
        1010.00000          -0.02204          -0.11335
        1011.00000           0.09050          -0.11617
        1012.00000          -0.00263          -0.16039
        1013.00000           0.07773          -0.38058
        1014.00000           0.08749          -0.12076
        1015.00000          -0.14196           0.01938
        1016.00000           0.09648          -0.03607
        1017.00000           0.18645           0.07981
        1018.00000          -0.20687           0.07641
        1019.00000          -0.06162           0.15862
        1020.00000           0.13689           0.00261
        1021.00000           0.03356          -0.19166
        1022.00000           0.02795           0.13384
        1023.00000          -0.02052           0.12130
        1024.00000           0.06019          -0.26463
        1025.00000          -0.02479          -0.12944
        1026.00000          -0.15228           0.13787
        1027.00000           0.11442           0.07046
        1028.00000           0.06164           0.18511
        1029.00000           0.04618           0.29179
        1030.00000           0.24868           0.04341
        1031.00000          -0.05255          -0.06268
        1032.00000          -0.08928          -0.11776
        1033.00000           0.15408          -0.37728
        1034.00000           0.06557          -0.23298
        1035.00000          -0.00511           0.10669
        1036.00000          -0.11632          -0.09420
        1037.00000           0.00010          -0.22888
        1038.00000           0.12211           0.13419
        1039.00000          -0.15808           0.20364
        1040.00000           0.02117          -0.04697
        1041.00000           0.07023           0.11052
        1042.00000          -0.28136           0.33435
        1043.00000          -0.09365           0.14988
        1044.00000          -0.08811           0.13180
        1045.00000          -0.15931           0.35319
        1046.00000           0.06336           0.14585
        1047.00000          -0.14422          -0.24311
        1048.00000          -0.05301          -0.27657
        1049.00000           0.38961          -0.12173
        1050.00000           0.20397          -0.10054
        1051.00000           0.11478          -0.10801
        1052.00000           0.17829          -0.02076
        1053.00000          -0.17004          -0.02348
        1054.00000          -0.17168           0.02250
        1055.00000          -0.09205           0.16226
        1056.00000          -0.24008           0.16179
        1057.00000          -0.00547           0.07926
        1058.00000          -0.01575          -0.12584
        1059.00000          -0.21353          -0.34920
        1060.00000           0.07297          -0.17499
        1061.00000           0.11954          -0.03043
        1062.00000           0.06746          -0.08090
        1063.00000           0.29431           0.01727
        1064.00000           0.10300          -0.01512
        1065.00000          -0.07247          -0.01429
        1066.00000           0.15985          -0.04292
        1067.00000           0.05820          -0.10979
        1068.00000          -0.05065           0.17590
        1069.00000          -0.01308           0.22140
        1070.00000          -0.15284          -0.02066
        1071.00000           0.00026           0.04152
        1072.00000          -0.00811           0.02515
        1073.00000          -0.16097          -0.16889
        1074.00000          -0.05247           0.01314
        1075.00000          -0.05378           0.19811
        1076.00000           0.10271           0.18918
        1077.00000           0.11808           0.26714
        1078.00000          -0.11506           0.08250
        1079.00000          -0.09044          -0.12331
        1080.00000          -0.06862          -0.08197
        1081.00000           0.06638          -0.04486
        1082.00000           0.20007          -0.25927
        1083.00000          -0.03220          -0.38034
        1084.00000           0.00444           0.12718
        1085.00000           0.09139           0.25733
        1086.00000          -0.20234           0.09959
        1087.00000          -0.13440           0.20276
        1088.00000           0.15905          -0.08518
        1089.00000           0.21989          -0.21937
        1090.00000           0.15496          -0.05462
        1091.00000          -0.10972           0.01105
        1092.00000          -0.14515          -0.02982
        1093.00000           0.16115          -0.11627
        1094.00000          -0.06839          -0.02780
        1095.00000          -0.38313          -0.10743
        1096.00000           0.08584          -0.14870
        1097.00000           0.37931           0.10418
        1098.00000           0.26015           0.07485
        1099.00000           0.22550           0.03162
        1100.00000          -0.11349           0.14618
        1101.00000          -0.28051           0.03855
        1102.00000          -0.05631          -0.06477
        1103.00000          -0.15430           0.04164
        1104.00000          -0.08619           0.13492
        1105.00000           0.02640           0.03398
        1106.00000          -0.26358           0.10990
        1107.00000          -0.11388           0.06806
        1108.00000          -0.04251          -0.21353
        1109.00000          -0.28860          -0.06537
        1110.00000          -0.08387           0.05929
        1111.00000           0.12225          -0.02931
        1112.00000           0.25142           0.12830
        1113.00000           0.26280           0.18288
        1114.00000          -0.05840          -0.06557
        1115.00000          -0.04534          -0.12124
        1116.00000           0.23932           0.09561
        1117.00000           0.14017           0.29009
        1118.00000          -0.08578           0.10833
        1119.00000          -0.02682          -0.10136
        1120.00000           0.06589          -0.07107
        1121.00000           0.02536          -0.10919
        1122.00000          -0.13916           0.08355
        1123.00000          -0.15004          -0.08958
        1124.00000           0.17190          -0.43350
        1125.00000           0.18383          -0.03673
        1126.00000           0.08771           0.07125
        1127.00000           0.07158          -0.30340
        1128.00000          -0.14089          -0.19473
        1129.00000          -0.04095           0.08243
        1130.00000          -0.00852           0.08212
        1131.00000          -0.28455           0.19413
        1132.00000          -0.23146           0.15748
        1133.00000           0.04234          -0.04814
        1134.00000           0.09185          -0.02415
        1135.00000          -0.06855          -0.14407
        1136.00000           0.07519          -0.10890
        1137.00000           0.33474           0.03661
        1138.00000           0.04742          -0.01604
        1139.00000          -0.15491           0.07445
        1140.00000           0.09146          -0.08452
        1141.00000           0.12631          -0.12316
        1142.00000          -0.00899           0.21763
        1143.00000          -0.13570           0.16884
        1144.00000           0.03124           0.06514
        1145.00000           0.18643           0.20629
        1146.00000          -0.12002           0.03099
        1147.00000          -0.06723          -0.16828
        1148.00000           0.09080          -0.03298
        1149.00000          -0.02190          -0.12894
        1150.00000           0.02541          -0.12155
        1151.00000           0.11117           0.08532
        1152.00000           0.07142           0.04862
        1153.00000          -0.09138           0.12905
        1154.00000          -0.17261           0.14142
        1155.00000          -0.14265           0.06116
        1156.00000          -0.02678           0.08871
        1157.00000          -0.05831           0.02291
        1158.00000          -0.28358           0.02216
        1159.00000          -0.16169          -0.02921
        1160.00000           0.01253          -0.23348
        1161.00000          -0.05031          -0.13369
        1162.00000           0.04140           0.16297
        1163.00000           0.06375           0.08367
        1164.00000          -0.05481          -0.22855
        1165.00000           0.07436          -0.09987
        1166.00000           0.11039           0.28390
        1167.00000           0.00906           0.17737
        1168.00000           0.21964          -0.16693
        1169.00000           0.20840          -0.20433
        1170.00000          -0.00195          -0.01153
        1171.00000           0.06196           0.16989
        1172.00000           0.00738           0.19306
        1173.00000           0.06015           0.01366
        1174.00000           0.25726          -0.02325
        1175.00000           0.12383           0.02504
        1176.00000          -0.02175          -0.16194
        1177.00000          -0.04383          -0.11365
        1178.00000          -0.18735          -0.11054
        1179.00000          -0.25651          -0.26614
        1180.00000          -0.10848          -0.10598
        1181.00000           0.00045           0.02818
        1182.00000          -0.00917           0.18505
        1183.00000          -0.09866           0.31639
        1184.00000          -0.20729           0.13467
        1185.00000          -0.16102          -0.05832
        1186.00000          -0.04920          -0.05465
        1187.00000           0.11047          -0.25488
        1188.00000           0.24424          -0.29602
        1189.00000           0.08224           0.11853
        1190.00000          -0.04319           0.02808
        1191.00000           0.03931          -0.14258
        1192.00000           0.03489           0.15804
        1193.00000           0.05644           0.23869
        1194.00000          -0.04864           0.04968
        1195.00000          -0.09389           0.00216
        1196.00000           0.22057          -0.06534
        1197.00000           0.00617          -0.13730
        1198.00000          -0.21277           0.02368
        1199.00000           0.26683          -0.06317
        1200.00000           0.27985          -0.07254
        1201.00000           0.10467           0.15466
        1202.00000           0.17767           0.13778
        1203.00000          -0.12590           0.05729
        1204.00000          -0.22948          -0.05512
        1205.00000           0.07892          -0.00950
        1206.00000          -0.00479          -0.04074
        1207.00000          -0.32753          -0.21340
        1208.00000          -0.10259          -0.00172
        1209.00000           0.27512           0.14636
        1210.00000           0.04732          -0.09098
        1211.00000          -0.15773          -0.06244
        1212.00000           0.00383           0.22452
        1213.00000          -0.09745           0.20315
        1214.00000          -0.24159           0.13763
        1215.00000           0.05713          -0.02252
        1216.00000           0.08512          -0.11518
        1217.00000          -0.32568           0.09561
        1218.00000          -0.28261          -0.03461
        1219.00000          -0.10206          -0.02344
        1220.00000          -0.02016           0.05465
        1221.00000           0.20414          -0.20932
        1222.00000           0.12299          -0.02539
        1223.00000           0.03938           0.02356
        1224.00000           0.05235          -0.09687
        1225.00000           0.00890           0.17797
        1226.00000           0.27392           0.09205
        1227.00000           0.23636           0.10946
        1228.00000          -0.10214           0.28750
        1229.00000           0.05058          -0.04331
        1230.00000           0.22713          -0.28684
        1231.00000          -0.06457          -0.20523
        1232.00000          -0.20377          -0.03156
        1233.00000           0.12424          -0.09519
        1234.00000           0.03461          -0.15055
        1235.00000          -0.39160           0.07441
        1236.00000          -0.07118           0.14154
        1237.00000           0.31869           0.08900
        1238.00000           0.11981          -0.04244
        1239.00000           0.12021          -0.09658
        1240.00000           0.04293          -0.14432
        1241.00000          -0.25411          -0.21310
        1242.00000          -0.16274           0.10382
        1243.00000          -0.04985           0.20997
        1244.00000          -0.05165          -0.05980
        1245.00000           0.05369          -0.09821
        1246.00000           0.10204           0.11430
        1247.00000          -0.03459           0.13430
        1248.00000          -0.03052          -0.09734
        1249.00000           0.11606          -0.01916
        1250.00000           0.03732           0.02510
        1251.00000           0.00367          -0.08851
        1252.00000           0.12996           0.02213
        1253.00000           0.07115          -0.06285
        1254.00000           0.00184           0.03378
        1255.00000           0.17178           0.23870
        1256.00000          -0.04581          -0.03200
        1257.00000          -0.28020          -0.18668
        1258.00000          -0.06789          -0.16391
        1259.00000          -0.21878          -0.14851
        1260.00000          -0.14656          -0.02320
        1261.00000           0.19289           0.06517
        1262.00000           0.00947           0.09482
        1263.00000           0.02680           0.10199
        1264.00000           0.16121           0.09535
        1265.00000          -0.14984           0.13614
        1266.00000          -0.13409           0.15331
        1267.00000           0.13527           0.13250
        1268.00000          -0.02563           0.08655
        1269.00000           0.10245          -0.06223
        1270.00000           0.29025          -0.11910
        1271.00000          -0.07951          -0.08419
        1272.00000          -0.11263          -0.15417
        1273.00000           0.01540          -0.08936
        1274.00000          -0.21817           0.09961
        1275.00000          -0.19467           0.06675
        1276.00000          -0.06038           0.08552
        1277.00000          -0.04254           0.20535
        1278.00000           0.17003           0.06869
        1279.00000           0.16854           0.01513
        1280.00000          -0.02756          -0.00038
        1281.00000          -0.03966          -0.22562
        1282.00000          -0.08934          -0.07134
        1283.00000          -0.20099           0.18683
        1284.00000          -0.19669          -0.02446
        1285.00000           0.03436          -0.17034
        1286.00000           0.32742           0.00854
        1287.00000           0.27727           0.19538
        1288.00000          -0.03995          -0.05776
        1289.00000          -0.08363          -0.22490
        1290.00000           0.12905           0.09575
        1291.00000           0.02565          -0.05366
        1292.00000          -0.09530          -0.11996
        1293.00000           0.09286           0.07026
        1294.00000           0.03013          -0.09732
        1295.00000           0.00150           0.00230
        1296.00000           0.09371          -0.08273
        1297.00000          -0.05667          -0.10353
        1298.00000           0.04233           0.17642
        1299.00000           0.08103          -0.02793
        1300.00000          -0.13831           0.03150
        1301.00000           0.01832           0.17808
        1302.00000           0.23857          -0.16194
        1303.00000           0.04449          -0.29413
        1304.00000          -0.15162          -0.17346
        1305.00000          -0.06801           0.02955
        1306.00000          -0.08831           0.17169
        1307.00000          -0.14778          -0.04659
        1308.00000           0.03893          -0.18202
        1309.00000           0.08553           0.02858
        1310.00000          -0.09348           0.14358
        1311.00000           0.01436           0.17649
        1312.00000           0.16049           0.25767
        1313.00000          -0.09557           0.20904
        1314.00000          -0.14510           0.03687
        1315.00000          -0.01063          -0.17714
        1316.00000          -0.11846          -0.19709
        1317.00000          -0.04137           0.07423
        1318.00000          -0.01922           0.23205
        1319.00000          -0.16981           0.09707
        1320.00000           0.05448          -0.09329
        1321.00000           0.21775          -0.30506
        1322.00000           0.07841          -0.22156
        1323.00000           0.21828           0.17367
        1324.00000           0.32443          -0.02430
        1325.00000          -0.05889          -0.15752
        1326.00000          -0.32848           0.23944
        1327.00000          -0.11723           0.12096
        1328.00000           0.11273          -0.00418
        1329.00000          -0.10186           0.06140
        1330.00000          -0.14581          -0.06152
        1331.00000           0.06761           0.14059
        1332.00000          -0.14733           0.17038
        1333.00000           0.05305          -0.12735
        1334.00000           0.25863          -0.04231
        1335.00000          -0.17444           0.13803
        1336.00000          -0.08614           0.24183
        1337.00000           0.03333           0.18125
        1338.00000          -0.14059          -0.13211
        1339.00000           0.11978          -0.24965
        1340.00000           0.13345          -0.25469
        1341.00000          -0.18883          -0.04462
        1342.00000           0.00289           0.08500
        1343.00000           0.29749          -0.32659
        1344.00000           0.10047          -0.18972
        1345.00000          -0.18856           0.24381
        1346.00000           0.03188           0.00556
        1347.00000           0.19640           0.04600
        1348.00000          -0.04159           0.09957
        1349.00000          -0.03627          -0.15817
        1350.00000          -0.09842           0.21049
        1351.00000          -0.00928           0.29821
        1352.00000           0.07970          -0.16678
        1353.00000          -0.25531          -0.17675
        1354.00000          -0.10340          -0.04333
        1355.00000           0.09010          -0.05350
        1356.00000           0.06471          -0.07255
        1357.00000           0.19624          -0.20981
        1358.00000           0.12930          -0.29736
        1359.00000           0.06294          -0.16303
        1360.00000           0.01277          -0.05752
        1361.00000          -0.08508          -0.08945
        1362.00000          -0.03345           0.11860
        1363.00000          -0.05989           0.30529
        1364.00000          -0.09202           0.07396
        1365.00000           0.08722           0.08287
        1366.00000           0.02223           0.23291
        1367.00000          -0.14231           0.13766
        1368.00000           0.01940           0.14769
        1369.00000           0.05501           0.21570
        1370.00000          -0.00181           0.10665
        1371.00000           0.03483          -0.07342
        1372.00000          -0.10406          -0.06050
        1373.00000          -0.12048          -0.05512
        1374.00000           0.12782           0.00884
        1375.00000           0.14928           0.07166
        1376.00000          -0.05274          -0.24779
        1377.00000          -0.10492          -0.09671
        1378.00000          -0.00935           0.24524
        1379.00000          -0.05383          -0.04598
        1380.00000          -0.13638          -0.06005
        1381.00000           0.09859           0.06507
        1382.00000           0.12268          -0.06133
        1383.00000          -0.07442           0.13922
        1384.00000           0.05250           0.27710
        1385.00000           0.07224          -0.15696
        1386.00000          -0.03004          -0.27419
        1387.00000          -0.14009           0.08428
        1388.00000          -0.20525          -0.02903
        1389.00000           0.06443          -0.11721
        1390.00000           0.13581          -0.07681
        1391.00000          -0.16138          -0.21445
        1392.00000          -0.16859          -0.03747
        1393.00000          -0.09579           0.05695
        1394.00000          -0.11249          -0.12115
        1395.00000           0.23871          -0.28560
        1396.00000           0.30114          -0.12312
        1397.00000           0.04631           0.26316
        1398.00000           0.15758           0.15418
        1399.00000           0.15820           0.01169
        1400.00000           0.13031           0.20786
        1401.00000           0.20908           0.27734
        1402.00000          -0.02202           0.13666
        1403.00000          -0.22675          -0.13880
        1404.00000          -0.11241          -0.11854
        1405.00000          -0.01690           0.11403
        1406.00000          -0.09697          -0.06183
        1407.00000          -0.03298          -0.18992
        1408.00000           0.01245           0.03633
        1409.00000          -0.09830           0.03786
        1410.00000           0.04814          -0.16736
        1411.00000           0.19500          -0.15591
        1412.00000           0.04007           0.02691
        1413.00000          -0.10453           0.11473
        1414.00000          -0.04055           0.10955
        1415.00000          -0.03748           0.02543
        1416.00000          -0.20423          -0.06151
        1417.00000          -0.08537           0.01990
        1418.00000           0.10680           0.08494
        1419.00000          -0.04187           0.02802
        1420.00000          -0.05059           0.13061
        1421.00000          -0.00466           0.10897
        1422.00000          -0.16840          -0.29839
        1423.00000          -0.10014          -0.16140
        1424.00000           0.03988           0.32115
        1425.00000           0.08575           0.26305
        1426.00000           0.00048           0.05533
        1427.00000          -0.01038          -0.03207
        1428.00000           0.30700          -0.09735
        1429.00000           0.18334          -0.24264
        1430.00000          -0.04637          -0.23749
        1431.00000           0.03057          -0.24498
        1432.00000           0.03979          -0.22468
        1433.00000           0.05191           0.27020
        1434.00000          -0.10322           0.29544
        1435.00000           0.02742          -0.02503
        1436.00000           0.23442          -0.03800
        1437.00000          -0.07542          -0.16095
        1438.00000          -0.25725           0.08488
        1439.00000          -0.10159           0.25045
        1440.00000           0.04572           0.03029
        1441.00000           0.12162           0.01639
        1442.00000           0.03247          -0.21363
        1443.00000          -0.21466          -0.07331
        1444.00000          -0.12083           0.19712
        1445.00000           0.08674           0.05461
        1446.00000           0.02438           0.18352
        1447.00000          -0.04676           0.03023
        1448.00000          -0.11883          -0.24027
        1449.00000           0.01586          -0.15607
        1450.00000           0.14803           0.04874
        1451.00000          -0.01564           0.29445
        1452.00000          -0.01030           0.06525
        1453.00000           0.08424          -0.17463
        1454.00000           0.00367           0.08399
        1455.00000          -0.03078           0.03250
        1456.00000          -0.05165          -0.18077
        1457.00000           0.01146          -0.02144
        1458.00000           0.16764           0.06633
        1459.00000           0.04512           0.18993
        1460.00000           0.01590           0.12526
        1461.00000           0.00171          -0.38043
        1462.00000          -0.16025          -0.28843
        1463.00000           0.17976           0.10247
        1464.00000           0.12651          -0.02920
        1465.00000          -0.20193          -0.08046
        1466.00000           0.13938           0.10972
        1467.00000           0.09521           0.02365
        1468.00000          -0.06731          -0.16387
        1469.00000           0.02759           0.00843
        1470.00000          -0.28023           0.09360
        1471.00000          -0.25580          -0.13310
        1472.00000           0.03314          -0.09358
        1473.00000          -0.08540          -0.00489
        1474.00000          -0.06567          -0.07810
        1475.00000           0.03778           0.08222
        1476.00000          -0.04869           0.19903
        1477.00000          -0.08527           0.13994
        1478.00000           0.06519           0.10561
        1479.00000           0.32479           0.17201
        1480.00000           0.21333           0.06941
        1481.00000           0.06006          -0.10615
        1482.00000           0.07348           0.26147
        1483.00000          -0.26719           0.27670
        1484.00000          -0.22900          -0.14336
        1485.00000           0.09210          -0.08481
        1486.00000          -0.10101           0.07567
        1487.00000           0.00299           0.06940
        1488.00000           0.12729          -0.12614
        1489.00000          -0.10419          -0.26765
        1490.00000           0.04033          -0.23120
        1491.00000           0.18035          -0.33697
        1492.00000           0.09019          -0.24309
        1493.00000           0.01172           0.14178
        1494.00000           0.01708           0.12734
        1495.00000           0.15050          -0.08847
        1496.00000           0.16941          -0.02878
        1497.00000           0.00175           0.01488
        1498.00000          -0.08916           0.07843
        1499.00000           0.01795           0.11739
        1500.00000          -0.07323           0.02613
        1501.00000          -0.23765           0.10255
        1502.00000          -0.17432           0.15900
        1503.00000          -0.18307           0.11328
        1504.00000          -0.10425           0.08350
        1505.00000           0.13771          -0.00057
        1506.00000           0.22555          -0.15987
        1507.00000           0.01803          -0.20922
        1508.00000          -0.01283           0.02581
        1509.00000           0.29864           0.11639
        1510.00000           0.22415          -0.05364
        1511.00000           0.00685          -0.12101
        1512.00000          -0.00509          -0.06499
        1513.00000          -0.16485           0.06634
        1514.00000          -0.23089           0.24694
        1515.00000          -0.23299           0.20855
        1516.00000          -0.32178          -0.03336
        1517.00000           0.02254          -0.14174
        1518.00000           0.27482          -0.00836
        1519.00000          -0.10913           0.22217
        1520.00000          -0.15690           0.18855
        1521.00000           0.09222          -0.06245
        1522.00000           0.12444          -0.14135
        1523.00000           0.10596          -0.10179
        1524.00000          -0.18849          -0.06516
        1525.00000          -0.18228          -0.03083
        1526.00000           0.06874          -0.09708
        1527.00000          -0.10443          -0.12450
        1528.00000           0.04855          -0.06840
        1529.00000           0.22399          -0.14255
        1530.00000          -0.00203          -0.16741
        1531.00000           0.07694           0.04874
        1532.00000           0.11211           0.28834
        1533.00000           0.03985           0.18047
        1534.00000           0.17140          -0.15685
        1535.00000           0.09514          -0.14315
        1536.00000           0.01692           0.01378
        1537.00000          -0.07889           0.01137
        1538.00000          -0.26164          -0.05134
        1539.00000          -0.00661          -0.18688
        1540.00000           0.18041          -0.09723
        1541.00000           0.05706           0.12827
        1542.00000           0.21017           0.07611
        1543.00000           0.22082           0.00336
        1544.00000          -0.10513           0.26416
        1545.00000          -0.05206           0.33770
        1546.00000           0.10631          -0.05479
        1547.00000          -0.18648          -0.08878
        1548.00000          -0.31401          -0.01777
        1549.00000          -0.04446          -0.20540
        1550.00000          -0.05610           0.06180
        1551.00000          -0.14517           0.13090
        1552.00000           0.00773          -0.13002
        1553.00000           0.03189          -0.00101
        1554.00000           0.12421           0.01979
        1555.00000           0.18993          -0.07393
        1556.00000          -0.05138          -0.00464
        1557.00000          -0.10447           0.01242
        1558.00000           0.03924           0.04906
        1559.00000           0.01716           0.21160
        1560.00000          -0.13953           0.32016
        1561.00000          -0.17654           0.12798
        1562.00000           0.00302          -0.25579
        1563.00000           0.01112          -0.14472
        1564.00000          -0.03242           0.27235
        1565.00000           0.03714           0.03115
        1566.00000          -0.00219          -0.31384
        1567.00000           0.02076          -0.04439
        1568.00000          -0.02656           0.12057
        1569.00000          -0.07538          -0.08831
        1570.00000           0.04234          -0.07480
        1571.00000           0.06600           0.15969
        1572.00000           0.03377           0.20283
        1573.00000           0.09234           0.01896
        1574.00000           0.06943          -0.09046
        1575.00000          -0.09230          -0.11494
        1576.00000          -0.02636          -0.16724
        1577.00000           0.08714          -0.06268
        1578.00000           0.08539          -0.06817
        1579.00000           0.23645          -0.22933
        1580.00000           0.05408          -0.20146
        1581.00000          -0.31881          -0.03423
        1582.00000          -0.00679           0.12072
        1583.00000           0.25089           0.02078
        1584.00000           0.00125          -0.19169
        1585.00000           0.03195          -0.15442
        1586.00000           0.09438           0.03045
        1587.00000          -0.00531          -0.00701
        1588.00000           0.06798          -0.12293
        1589.00000           0.01045           0.05979
        1590.00000          -0.22565           0.16673
        1591.00000          -0.28807           0.10080
        1592.00000          -0.30764          -0.01256
        1593.00000          -0.19951          -0.09490
        1594.00000           0.03161           0.22272
        1595.00000           0.09220           0.30000
        1596.00000           0.11416          -0.06101
        1597.00000           0.06703           0.03956
        1598.00000           0.09694           0.16738
        1599.00000           0.09848          -0.09636
        1600.00000           0.11029          -0.12457
        1601.00000           0.23135           0.09960
        1602.00000          -0.02802           0.21775
        1603.00000          -0.08807           0.10546
        1604.00000           0.08176           0.03829
        1605.00000          -0.05349           0.07343
        1606.00000          -0.17250           0.15418
        1607.00000          -0.22895           0.16658
        1608.00000          -0.01550          -0.05291
        1609.00000           0.11834           0.07420
        1610.00000          -0.05671          -0.02325
        1611.00000           0.07746          -0.30325
        1612.00000           0.03889          -0.00948
        1613.00000          -0.08863          -0.14781
        1614.00000           0.11137          -0.19717
        1615.00000           0.05385           0.19447
        1616.00000           0.10135           0.03175
        1617.00000           0.07925          -0.21476
        1618.00000          -0.29225          -0.12646
        1619.00000          -0.02497          -0.09451
        1620.00000           0.40642          -0.16342
        1621.00000           0.14841          -0.00325
        1622.00000          -0.17989           0.23592
        1623.00000          -0.21550           0.22838
        1624.00000          -0.23184          -0.02782
        1625.00000          -0.10010          -0.13512
        1626.00000           0.12760          -0.13893
        1627.00000           0.08717          -0.15681
        1628.00000          -0.07355           0.15532
        1629.00000          -0.04653           0.06343
        1630.00000           0.09785          -0.12606
        1631.00000          -0.01378           0.10136
        1632.00000          -0.00598          -0.03022
        1633.00000           0.11474          -0.05180
        1634.00000          -0.19381          -0.01653
        1635.00000          -0.11250          -0.21921
        1636.00000           0.20500          -0.03466
        1637.00000           0.02829           0.08012
        1638.00000           0.04741          -0.12073
        1639.00000           0.28656          -0.00850
        1640.00000           0.25372           0.02987
        1641.00000           0.04978          -0.05468
        1642.00000          -0.15242           0.20326
        1643.00000          -0.19450           0.20950
        1644.00000           0.07444           0.08058
        1645.00000           0.10744           0.12861
        1646.00000          -0.24436           0.10954
        1647.00000          -0.22452          -0.00285
        1648.00000          -0.11268          -0.09401
        1649.00000          -0.14911           0.04282
        1650.00000           0.00623           0.02129
        1651.00000           0.12268          -0.08344
        1652.00000           0.05236          -0.05680
        1653.00000          -0.05022          -0.10579
        1654.00000          -0.00827          -0.08276
        1655.00000          -0.06414          -0.09158
        1656.00000          -0.18163           0.03740
        1657.00000           0.03720           0.27508
        1658.00000           0.08982           0.04116
        1659.00000          -0.00079          -0.11278
        1660.00000           0.07096           0.06218
        1661.00000          -0.01518          -0.03175
        1662.00000          -0.00624           0.03030
        1663.00000           0.12267           0.08510
        1664.00000           0.20949          -0.03843
        1665.00000           0.19616           0.16751
        1666.00000           0.07388           0.10286
        1667.00000           0.04125          -0.11459
        1668.00000          -0.01679          -0.03451
        1669.00000           0.04957          -0.07859
        1670.00000           0.14224          -0.00367
        1671.00000          -0.12366           0.16742
        1672.00000          -0.24292          -0.03873
        1673.00000          -0.16811          -0.12327
        1674.00000          -0.25386           0.00858
        1675.00000          -0.13344          -0.02663
        1676.00000           0.00579           0.03250
        1677.00000           0.09161           0.03652
        1678.00000           0.16585          -0.01402
        1679.00000           0.01426           0.05847
        1680.00000           0.05521          -0.09469
        1681.00000           0.18608          -0.16464
        1682.00000           0.10999          -0.07247
        1683.00000          -0.02202          -0.27273
        1684.00000          -0.03634          -0.26286
        1685.00000          -0.02453           0.10530
        1686.00000          -0.12972           0.19285
        1687.00000          -0.05198           0.12346
        1688.00000           0.08765           0.12810
        1689.00000          -0.01392          -0.01469
        1690.00000          -0.05126           0.00841
        1691.00000           0.12328           0.15058
        1692.00000           0.20837          -0.15598
        1693.00000           0.08904          -0.18137
        1694.00000          -0.12563           0.18718
        1695.00000          -0.16967           0.03511
        1696.00000          -0.11434          -0.20912
        1697.00000          -0.23690          -0.16804
        1698.00000          -0.16896          -0.01413
        1699.00000          -0.03394           0.13015
        1700.00000          -0.11662           0.12245
        1701.00000          -0.00281           0.02834
        1702.00000           0.08816          -0.11740
        1703.00000           0.03914          -0.01844
        1704.00000           0.17313           0.22152
        1705.00000           0.06049           0.15228
        1706.00000           0.12124          -0.00133
        1707.00000           0.43625           0.00146
        1708.00000          -0.03036           0.06370
        1709.00000          -0.17063           0.04228
        1710.00000           0.15345          -0.10153
        1711.00000          -0.12145           0.00646
        1712.00000          -0.00145           0.11737
        1713.00000           0.09239          -0.05678
        1714.00000          -0.26010           0.12263
        1715.00000          -0.08104           0.07629
        1716.00000          -0.13087          -0.21881
        1717.00000          -0.25338           0.02951
        1718.00000           0.22842           0.01632
        1719.00000           0.21906          -0.07187
        1720.00000          -0.12594          -0.05510
        1721.00000          -0.03273          -0.08845
        1722.00000          -0.04878           0.13250
        1723.00000          -0.16210          -0.12984
        1724.00000           0.07202          -0.11094
        1725.00000           0.22716           0.19467
        1726.00000           0.17167          -0.00495
        1727.00000          -0.05359           0.15297
        1728.00000          -0.29830          -0.00695
        1729.00000          -0.18862          -0.26766
        1730.00000           0.02508           0.13029
        1731.00000           0.07838          -0.00505
        1732.00000           0.04200          -0.35276
        1733.00000           0.10476          -0.02654
        1734.00000           0.01120           0.18070
        1735.00000          -0.02796          -0.03176
        1736.00000           0.19385          -0.10491
        1737.00000           0.07079          -0.02649
        1738.00000          -0.03986           0.15366
        1739.00000           0.10455           0.13979
        1740.00000           0.14228          -0.05419
        1741.00000           0.12986          -0.03920
        1742.00000           0.21273           0.08281
        1743.00000           0.24518           0.20918
        1744.00000           0.05918          -0.06069
        1745.00000           0.05664          -0.11570
        1746.00000           0.04656           0.22877
        1747.00000          -0.23062          -0.03418
        1748.00000          -0.33335          -0.07012
        1749.00000          -0.26566           0.11136
        1750.00000          -0.11176          -0.10134
        1751.00000           0.02559           0.00086
        1752.00000          -0.02045           0.00532
        1753.00000          -0.11762          -0.14310
        1754.00000          -0.04998          -0.13894
        1755.00000          -0.09574          -0.05438
        1756.00000          -0.22785           0.22925
        1757.00000          -0.15013           0.02725
        1758.00000          -0.18478          -0.13159
        1759.00000          -0.04520           0.14396
        1760.00000           0.12207          -0.12378
        1761.00000          -0.06186          -0.23422
        1762.00000          -0.03470           0.19423
        1763.00000          -0.01362           0.14873
        1764.00000          -0.07681          -0.31227
        1765.00000           0.08599          -0.16095
        1766.00000           0.10171           0.13894
        1767.00000           0.17177          -0.15191
        1768.00000           0.36479           0.06838
        1769.00000           0.13276           0.24329
        1770.00000          -0.02848          -0.16231
        1771.00000           0.11388           0.03655
        1772.00000           0.04307           0.05291
        1773.00000           0.11229          -0.17350
        1774.00000          -0.02554           0.13748
        1775.00000          -0.21798           0.26533
        1776.00000           0.27142           0.23945
        1777.00000           0.12004           0.07372
        1778.00000          -0.29928          -0.09491
        1779.00000           0.03017           0.06687
        1780.00000           0.07939           0.04633
        1781.00000          -0.09829          -0.08633
        1782.00000          -0.15644          -0.09884
        1783.00000          -0.05627          -0.08083
        1784.00000           0.21183          -0.12009
        1785.00000           0.06375          -0.01928
        1786.00000          -0.09366           0.04313
        1787.00000           0.16883          -0.17912
        1788.00000           0.01000          -0.07051
        1789.00000          -0.25106           0.11775
        1790.00000           0.11328           0.02078
        1791.00000           0.19417           0.26826
        1792.00000          -0.01098           0.41178
        1793.00000           0.02684          -0.02341
        1794.00000          -0.09966          -0.04517
        1795.00000          -0.09704          -0.01988
        1796.00000           0.08151          -0.26085
        1797.00000           0.08104           0.00074
        1798.00000          -0.04193          -0.04406
        1799.00000          -0.12576          -0.40814
        1800.00000          -0.06254          -0.26784
