-32186
-32101.1
-32074.9
-32356.3
-32935.9
-33530
-34239.3
-34933.6
-35437.3
-35754.3
-36060
-36153.7
-36254.6
-36435
-36673.1
-36870
-37149.8
-37364.4
-37672.4
-38081.7
-38440
-38298.3
-38139.2
-37959.3
-37753
-37510
-37526.1
-37400
-37035.6
-36456.1
-35800
-35260.8
-34733.1
-34451.5
-34396.1
-34300
-32618.5
-32565.8
-32630.5
-32927.1
-33440.5
-34021
-34655.8
-35284
-35806.5
-36231.4
-36606.8
-36898
-37167.3
-37467
-37770.7
-38033
-38262.4
-38444.3
-38651.4
-38885.8
-38999.2
-38876.3
-38659.9
-38446.5
-38254.7
-38116.1
-38053.9
-37916.8
-37566.9
-37013.6
-36388.4
-35796.8
-35283.6
-34941.6
-34740.8
-34490
-33189.5
-33244.6
-33389.5
-33733.7
-34214.7
-34674.6
-35214.7
-35734.1
-36213.3
-36694.1
-37199.7
-37648.3
-38108.3
-38574
-38988.6
-39298.7
-39510.1
-39602.7
-39653.3
-39691.6
-39639
-39376.6
-39101.4
-38890.3
-38752.3
-38686.2
-38659.4
-38555.1
-38199.7
-37607.7
-36961.9
-36335.5
-35816.5
-35404.8
-35075.6
-34746
-33904.7
-34146.3
-34499
-34933.3
-35371.7
-35684.3
-36020.6
-36332.8
-36682.6
-37142.5
-37729.4
-38374.5
-39077
-39754.2
-40318.4
-40698.9
-40878.6
-40852.3
-40694.5
-40465.9
-40177.8
-39771.9
-39440.7
-39258.7
-39215.9
-39253.5
-39297.5
-39224.9
-38840.9
-38169.4
-37445.1
-36765.8
-36201.5
-35712.1
-35275.1
-34848.3
-34722.9
-35343.8
-36059.2
-36633.5
-36988.9
-37107.6
-37131.3
-37094.2
-37225.4
-37603.2
-38174.4
-39079.5
-40095.1
-41010
-41745.7
-42230.5
-42345.7
-42193.6
-41788.2
-41192.8
-40585.4
-40073.2
-39687.3
-39555
-39667.6
-39847.7
-39967.7
-39940.3
-39505.7
-38681.7
-37808.7
-37078.8
-36456.4
-35884
-35338.1
-34784.9
-35570
-37045.7
-38120.9
-38812.4
-39083.2
-38840
-38621
-38135.4
-38002.8
-38305.7
-38600
-39899.2
-41173.1
-42271.6
-43145.1
-43840
-43750.9
-43486.2
-42851.1
-41909.1
-40990
-40450.5
-39988
-39899.9
-40174.1
-40500
-40627.4
-40713.7
-40223.2
-39163.5
-38070
-37361.9
-36688.1
-36030.1
-35381.9
-34750
-38244.2
-39542.4
-40847.1
-41578.6
-41644.9
-41259.4
-40547.3
-39782.7
-39389.5
-39468.8
-39953.9
-40970.7
-42212.8
-43378.5
-44346
-44939.9
-44903
-44457.6
-43667.6
-42635.7
-41702.6
-41084.3
-40690.2
-40638.6
-40856.1
-41076.9
-41251.8
-41209.8
-40662.4
-39663.7
-38603.1
-37737.1
-36971.5
-36210.3
-35454.7
-34742.5
-40621
-42047.7
-43730.2
-44444.8
-44115.6
-43682.8
-42429.3
-41332.1
-40742
-40683
-41118.2
-42028.2
-43202.4
-44339.8
-45348.6
-46093.6
-45832.1
-45290.3
-44463.7
-43378.5
-42422
-42033.4
-41698.1
-41733.2
-41989
-41934.7
-42169.5
-42001.6
-41335.5
-40295.7
-39107.8
-38221.4
-37369.5
-36480.9
-35589.6
-34767.2
-42045.3
-43534
-45220
-45860
-45397
-44835.3
-43483.3
-42326.5
-41714.2
-41650.8
-42060.8
-42890.1
-43943.7
-44947.2
-45827.9
-46490
-46227.1
-45756.9
-45103.8
-44291.8
-43661.1
-43634.6
-43639.2
-43882.7
-44179.6
-43998.3
-43918.6
-43380.4
-42455.4
-41287.7
-39998.5
-38960.7
-37929.4
-36870.2
-35833.7
-34910.4
-42458.1
-43886.6
-45224.6
-45745
-45377.7
-44629.1
-43640.4
-42708.9
-42266.8
-42364.1
-42805.9
-43578.3
-44463
-45245.6
-45833.3
-46159.9
-46162
-45898.1
-45604.3
-45389.7
-45367.3
-45797.4
-46459.1
-47004.4
-47311.1
-47242.6
-46411.7
-45184.6
-43884
-42594.6
-41281.4
-39936.3
-38626.6
-37367.1
-36181.1
-35163.8
-42400
-43709.9
-44922.3
-45317.4
-44854
-44170
-43535.8
-42835.8
-42670.1
-43055.2
-43430
-44265.9
-45001.8
-45553.6
-45879.9
-45970
-46268.1
-46224.1
-46324.3
-46657.3
-46920
-47952.4
-49180.3
-49951.3
-50245.7
-50690
-48796.3
-46941.6
-45293.3
-43876.1
-42560
-40875.3
-39343.9
-37925.6
-36610.6
-35430
-42593.7
-43340.8
-44041.4
-44316.5
-44137.4
-43815.2
-43551.5
-43387.1
-43555.1
-44047.8
-44597.2
-45155.8
-45636.6
-45967.1
-46172.8
-46420.9
-46849.2
-47282.7
-47732.2
-48241.4
-48875.6
-49839.4
-50958.6
-51734.8
-52033.6
-51742.5
-50321.8
-48416.8
-46563.6
-44871.9
-43249.2
-41570.7
-39960.5
-38489.4
-37164.9
-36055.3
-42632.8
-42935.5
-43181.8
-43364.1
-43457
-43467.3
-43713.2
-44036.3
-44541.8
-45225.4
-45860.5
-46159.3
-46378.3
-46496.4
-46571.4
-46872.1
-47661.4
-48600.8
-49318.4
-49834.1
-50474.1
-51290.9
-52251.7
-52892
-53060.9
-52736.5
-51235.5
-49360.1
-47410.7
-45516
-43783.8
-42058.5
-40465.7
-39055
-37801.9
-36715.6
-42678.3
-42667.8
-42646.6
-42788.6
-43087.1
-43447.2
-44107.5
-44829.7
-45601.9
-46384.7
-46967.9
-47056.4
-47014.4
-46952.8
-46987.2
-47414.4
-48509.9
-49796
-50678.2
-51131.8
-51598.2
-52180.6
-52885.5
-53323.9
-53352.9
-52946.1
-51461.2
-49626.5
-47653.8
-45689.8
-43940.8
-42313.4
-40891.4
-39667.6
-38586.5
-37625.1
-42878.6
-42614.6
-42422.5
-42559.7
-43057.7
-43770.8
-44733.2
-45804.9
-46759.2
-47511.4
-47961.7
-47839.5
-47490.7
-47281.4
-47352.8
-47921.9
-49300.8
-50906
-51863.4
-52108.4
-52264.2
-52594.9
-52927
-53138.6
-53067.1
-52425.3
-51095.5
-49337.6
-47382.5
-45418.2
-43690.3
-42357.5
-41270.3
-40349.6
-39545.7
-38811.9
-43316.3
-42839.4
-42434.3
-42558.6
-43274.5
-44170
-45417.2
-46782.5
-47837.5
-48530.3
-49180
-48598.5
-47985
-47700.2
-47805.1
-48070
-50024.1
-52047.9
-53005.2
-52847.8
-52600
-52889.2
-52931.6
-52939.4
-52781.8
-52000
-50570.2
-48805
-46866.3
-44931.9
-43190
-42379.2
-41682.5
-41115
-40628.2
-40110
-43993.5
-43414.1
-42994.4
-43101.1
-43789.2
-44811.5
-46119.1
-47469.5
-48535.7
-49221.1
-49522.5
-49257.4
-48773
-48560.2
-48742.1
-49398.8
-50871
-52491.7
-53362.9
-53418.6
-53313.8
-53399.3
-53420.1
-53244.3
-52754.5
-51703.8
-50027.6
-48042.3
-46120.6
-44450.9
-43206.3
-42588.8
-42289.8
-42065.6
-41829.6
-41510.3
-45004.2
-44308.3
-43744.8
-43819.9
-44548.7
-45563.9
-46942.3
-48277
-49306.2
-49940.7
-50199.3
-50123.2
-49739.2
-49699.4
-50061.1
-50529.3
-51877.3
-53155.9
-53864.4
-53968.9
-53814.5
-54028.3
-54084
-53705.8
-52895.8
-51655
-49531
-47180.3
-45303.4
-43993.9
-43027.5
-42891.6
-43016.9
-43087.8
-43060.9
-42952.2
-46238.5
-45466.4
-44849.9
-44911.8
-45688.6
-46737
-48081.4
-49345.8
-50315.2
-50944.3
-51311.5
-51505
-51464.4
-51685.6
-52155.2
-52495.3
-53407.1
-54187.4
-54647.2
-54785.5
-54705.3
-54835.1
-54687.5
-53998.9
-52804.8
-51250.7
-48953
-46581.9
-44869.9
-43880.4
-43254.7
-43399.3
-43754.2
-43998.4
-44093.5
-44071.6
-47997.1
-47067
-46295.3
-46346.3
-47230.7
-48374.9
-49566.1
-50673.8
-51545.5
-52176
-52715.4
-53270
-53856.6
-54388.6
-54886.1
-55304
-55310.1
-55266.2
-55382.9
-55683.2
-55928.4
-55632
-55099.2
-54043
-52360
-50402.7
-48285.6
-46207
-44777
-44125.2
-43909
-44062.3
-44441
-44723.4
-44829.4
-44794.7
-50069.9
-49039.2
-47990.6
-48009
-49110.1
-50260
-51224.4
-52150.7
-52869.4
-53413.9
-54030
-54885.3
-55958.9
-56683.6
-57119.9
-57950
-56672
-55838.4
-55527.8
-55819.2
-56790
-55557.4
-54919.1
-53703.4
-51677.8
-49560
-47790.2
-45864.4
-44698.7
-44435.5
-44430
-44526.4
-44927
-45168.3
-45189.9
-45340
-52548.8
-51532.7
-50725.7
-50661.4
-51358
-52204.8
-52889.7
-53483.7
-53988.6
-54461.6
-55093.9
-55985
-56995.3
-57685.2
-57976.5
-57832.5
-56774.2
-55532.7
-54732.4
-54453.5
-54320.3
-53793.1
-53142.4
-52144.7
-50725.5
-49197.7
-47670.9
-46241.9
-45243.6
-44761.8
-44576.7
-44585.4
-44764.7
-44911.7
-44957.4
-44926.7
-55255.1
-54301.3
-53558.5
-53322.9
-53674.3
-54273.7
-54428.1
-54655.5
-54919.6
-55203.7
-55710.3
-56555.9
-57504.9
-58013.2
-57987.5
-57553.9
-56140.5
-54465.4
-53219.4
-52384.9
-51585.4
-51312.1
-50868.5
-50246.5
-49549.4
-48734.4
-47549.3
-46570.4
-45682.4
-44914.3
-44519.4
-44311.9
-44291.8
-44335.7
-44365.8
-44353.5
-58195.1
-57153.4
-56247
-55680.6
-55549.7
-55670.9
-55455.8
-55406.5
-55485.9
-55653
-56029.4
-56691.4
-57400.4
-57640
-57335.4
-56664.6
-55120.2
-53319.8
-51851.1
-50703
-49629.8
-49273.9
-48890.8
-48482.7
-48144.7
-47724.6
-46905
-46210.3
-45448.2
-44636.2
-44114.9
-43769.1
-43615.8
-43585.7
-43616.2
-43652.7
-61241.2
-59948.6
-58740.8
-57733.5
-56926.1
-56322.1
-55995.5
-55765.4
-55736.9
-55918.5
-56180.1
-56557.1
-56843.4
-56765
-56239.8
-55299.4
-53961.1
-52408.6
-50965.1
-49702.6
-48635.1
-47968.8
-47429
-47006.4
-46688.6
-46293.5
-45840.9
-45297.9
-44690.5
-44043.3
-43452.4
-43090.7
-42840.3
-42754.3
-42820.2
-42899.8
-64060
-62407.7
-60916.4
-59549.9
-58237.3
-56870
-56687.5
-56242.5
-56096.3
-56269.9
-56240
-56416.1
-56357.9
-55975.3
-55229.5
-54150
-53034.7
-51694.6
-50412.9
-49220
-47910
-47282.5
-46496.5
-45945.2
-45624.7
-45100
-44989.9
-44593.7
-44145.9
-43640.5
-42840
-42642.9
-42250.9
-42070.9
-42155.2
-42210
-65899.4
-64295
-62663.5
-61148.9
-59785
-58679.7
-57987.6
-57477.4
-57160.3
-56988.1
-56775.9
-56502.7
-56069.6
-55418.1
-54539.9
-53530.2
-52543.8
-51507.8
-50471.7
-49441
-48373.2
-47415.2
-46479.4
-45740.9
-45242.8
-44878.7
-44735.8
-44583.8
-44303.6
-43854.6
-43286.4
-42790.5
-42290.1
-41932.5
-41760.3
-41686.8
-67362.6
-65646.6
-63951.3
-62419.2
-61155.2
-60233.9
-59353.3
-58796.7
-58331.7
-57844.8
-57397
-56776.5
-56007.3
-55161.5
-54208
-53167.5
-52508.7
-51767.7
-51017.5
-50249.2
-49265.8
-48162.1
-46961.8
-45982.8
-45323.1
-44881.8
-44879
-44998.4
-44888.4
-44485.5
-43970.1
-43364.7
-42668
-42088.4
-41648.1
-41274
-68107
-66362.5
-64639.4
-63100.3
-61863.5
-60978.3
-60109.3
-59561.7
-59062
-58483.7
-57912.6
-57127.4
-56215.1
-55315.2
-54418.7
-53539.4
-53120.9
-52665.5
-52181.7
-51607.6
-50675.7
-49410
-47931.7
-46650.5
-45737.5
-45169.9
-45199.2
-45467.3
-45516.9
-45241.6
-44814.7
-44206.2
-43429.5
-42665.3
-41954.8
-41328.3
-68188.1
-66490.6
-64741.5
-63153.8
-61849.4
-60851
-60129.3
-59672.6
-59257.2
-58790.2
-58262.1
-57459.2
-56577.7
-55768.6
-55063.2
-54534.3
-54263.5
-54095.2
-53835.6
-53391.5
-52552.8
-51007.8
-49217.6
-47573.3
-46274.8
-45521
-45476.9
-45834.2
-46022.8
-45919.4
-45688.5
-45148.7
-44470.1
-43602.6
-42589.7
-41768.2
-68060
-66286.1
-64465.3
-62785.9
-61374.5
-60290
-59628.8
-59347
-59059.4
-58702.6
-58540
-57596.9
-56818.2
-56207.6
-55760.5
-55470
-55476.9
-55561.9
-55456.6
-55113.6
-54710
-52494.5
-50344.3
-48336.8
-46630.9
-45460
-45441
-45958.5
-46222.6
-46160.8
-46410
-45758.3
-45306.1
-44457
-43191.7
-42080
-67660.1
-65903.3
-64032.2
-62235.1
-60638.1
-59409.5
-58734
-58431
-58238.5
-58071.1
-57828.5
-57314.1
-56789.4
-56464.2
-56365.2
-56420.5
-56549.2
-56677.7
-56612.1
-56234
-55302.4
-53383.7
-51043.3
-48748.7
-46748.6
-45393.7
-44978.9
-45165.8
-45388.4
-45528.4
-45672.2
-45584.5
-45350.5
-44687.5
-43616.6
-42648.4
-67297.7
-65529.2
-63592
-61696.4
-59899.4
-58320.4
-57778.2
-57440
-57271.4
-57263.3
-57149.8
-56809.3
-56506.6
-56480
-56766.8
-57173.7
-57358.9
-57527.1
-57448.3
-57001.9
-56074.9
-53983
-51462.7
-48947.5
-46631.3
-44811.2
-44183.6
-44082
-44161.2
-44350.6
-44633.5
-44851.6
-45071.9
-44704.2
-43764.9
-42950.5
-67070.4
-65332.5
-63430.7
-61552.2
-59739.3
-58103.4
-57452.1
-56974.1
-56681.1
-56584.4
-56455.4
-56226.2
-56113
-56323.5
-56863.7
-57464.3
-57741.4
-57920.9
-57827.3
-57344.8
-56388.2
-54323.8
-51798.6
-49178.1
-46653.8
-44523.2
-43500.2
-42998.4
-42817.4
-42912.7
-43226
-43631.2
-44129.4
-44100.6
-43533.1
-43038.3
-67007.7
-65352.6
-63600.7
-61861
-60230
-58851.6
-57860.4
-57131
-56588
-56162
-55809.6
-55680
-55703.6
-56062
-56747.1
-57404.2
-57794.3
-57937.8
-57874.7
-57422.8
-56326.4
-54589.8
-52237.1
-49597.7
-46984.2
-44707.2
-43120.6
-42040.2
-41513.9
-41440.2
-41592.2
-42112
-42661.5
-42962.7
-43020.1
-42990.1
-67070
-65510.2
-63905.2
-62337
-60892.9
-59660
-58528.8
-57589.8
-56833
-56158.9
-55390
-55477
-55459.8
-55850.1
-56672.2
-57450
-57840.6
-58012.6
-58125.1
-57908.6
-56680
-55367.6
-53040.9
-50309
-47546.8
-44870
-43085
-41494.8
-40666.3
-40468.1
-40080
-40881
-41468.4
-41993.3
-42493.1
-42890
